3,4,1.0
2,5,1.0
4,5,1.0
2,6,1.0
3,6,1.0
4,6,1.0
5,6,1.0
1,7,1.0
2,8,1.0
5,8,1.0
6,8,1.0
7,8,1.0
3,9,1.0
4,9,1.0
6,9,1.0
7,9,1.0
5,11,1.0
6,11,1.0
4,12,1.0
6,12,1.0
10,12,1.0
5,14,1.0
6,14,1.0
4,15,1.0
6,15,1.0
13,15,1.0
5,17,1.0
6,17,1.0
4,18,1.0
6,18,1.0
16,18,1.0
5,20,1.0
6,20,1.0
4,21,1.0
6,21,1.0
5,23,1.0
6,23,1.0
22,23,1.0
4,24,1.0
6,24,1.0
10,25,1.0
12,25,1.0
22,25,1.0
23,25,1.0
5,26,1.0
6,26,1.0
11,26,1.0
22,26,1.0
23,26,1.0
4,27,1.0
6,27,1.0
10,27,1.0
12,27,1.0
24,27,1.0
25,27,1.0
13,28,1.0
15,28,1.0
25,28,1.0
26,28,1.0
5,29,1.0
6,29,1.0
14,29,1.0
25,29,1.0
26,29,1.0
4,30,1.0
6,30,1.0
13,30,1.0
15,30,1.0
27,30,1.0
28,30,1.0
16,31,1.0
18,31,1.0
28,31,1.0
29,31,1.0
5,32,1.0
6,32,1.0
17,32,1.0
28,32,1.0
29,32,1.0
4,33,1.0
6,33,1.0
16,33,1.0
18,33,1.0
30,33,1.0
31,33,1.0
31,34,1.0
32,34,1.0
5,35,1.0
6,35,1.0
31,35,1.0
32,35,1.0
34,35,1.0
4,36,1.0
6,36,1.0
33,36,1.0
5,38,1.0
6,38,1.0
37,38,1.0
4,39,1.0
6,39,1.0
37,40,1.0
38,40,1.0
5,41,1.0
6,41,1.0
37,41,1.0
38,41,1.0
40,41,1.0
4,42,1.0
6,42,1.0
39,42,1.0
40,42,1.0
25,43,1.0
27,43,1.0
40,43,1.0
41,43,1.0
26,44,1.0
40,44,1.0
41,44,1.0
43,44,1.0
25,45,1.0
27,45,1.0
42,45,1.0
43,45,1.0
28,46,1.0
30,46,1.0
43,46,1.0
44,46,1.0
5,47,1.0
6,47,1.0
29,47,1.0
43,47,1.0
44,47,1.0
4,48,1.0
6,48,1.0
28,48,1.0
30,48,1.0
45,48,1.0
31,49,1.0
33,49,1.0
46,49,1.0
47,49,1.0
32,50,1.0
46,50,1.0
47,50,1.0
49,50,1.0
31,51,1.0
33,51,1.0
48,51,1.0
49,51,1.0
49,52,1.0
50,52,1.0
5,53,1.0
6,53,1.0
49,53,1.0
50,53,1.0
52,53,1.0
4,54,1.0
6,54,1.0
51,54,1.0
52,54,1.0
52,55,1.0
53,55,1.0
5,56,1.0
6,56,1.0
52,56,1.0
53,56,1.0
55,56,1.0
4,57,1.0
6,57,1.0
54,57,1.0
5,59,1.0
6,59,1.0
58,59,1.0
4,60,1.0
6,60,1.0
40,61,1.0
42,61,1.0
58,61,1.0
59,61,1.0
5,62,1.0
6,62,1.0
41,62,1.0
58,62,1.0
59,62,1.0
61,62,1.0
4,63,1.0
6,63,1.0
40,63,1.0
42,63,1.0
60,63,1.0
46,64,1.0
48,64,1.0
61,64,1.0
62,64,1.0
5,65,1.0
6,65,1.0
47,65,1.0
61,65,1.0
62,65,1.0
64,65,1.0
4,66,1.0
6,66,1.0
46,66,1.0
48,66,1.0
63,66,1.0
52,67,1.0
54,67,1.0
64,67,1.0
65,67,1.0
5,68,1.0
6,68,1.0
53,68,1.0
64,68,1.0
65,68,1.0
67,68,1.0
4,69,1.0
6,69,1.0
52,69,1.0
54,69,1.0
66,69,1.0
67,70,1.0
68,70,1.0
5,71,1.0
6,71,1.0
67,71,1.0
68,71,1.0
70,71,1.0
4,72,1.0
6,72,1.0
69,72,1.0
5,74,1.0
6,74,1.0
73,74,1.0
4,75,1.0
6,75,1.0
61,76,1.0
63,76,1.0
73,76,1.0
74,76,1.0
5,77,1.0
6,77,1.0
62,77,1.0
73,77,1.0
74,77,1.0
76,77,1.0
4,78,1.0
6,78,1.0
61,78,1.0
63,78,1.0
75,78,1.0
76,78,1.0
77,78,1.0
64,79,1.0
66,79,1.0
76,79,1.0
77,79,1.0
5,80,1.0
6,80,1.0
65,80,1.0
76,80,1.0
77,80,1.0
79,80,1.0
4,81,1.0
6,81,1.0
64,81,1.0
66,81,1.0
78,81,1.0
67,82,1.0
69,82,1.0
79,82,1.0
80,82,1.0
5,83,1.0
6,83,1.0
68,83,1.0
79,83,1.0
80,83,1.0
82,83,1.0
4,84,1.0
6,84,1.0
67,84,1.0
69,84,1.0
81,84,1.0
82,85,1.0
83,85,1.0
5,86,1.0
6,86,1.0
82,86,1.0
83,86,1.0
85,86,1.0
4,87,1.0
6,87,1.0
84,87,1.0
5,89,1.0
6,89,1.0
88,89,1.0
4,90,1.0
6,90,1.0
76,91,1.0
77,91,1.0
78,91,1.0
88,91,1.0
89,91,1.0
5,92,1.0
6,92,1.0
76,92,1.0
77,92,1.0
78,92,1.0
88,92,1.0
89,92,1.0
91,92,1.0
4,93,1.0
6,93,1.0
76,93,1.0
77,93,1.0
78,93,1.0
90,93,1.0
91,93,1.0
92,93,1.0
91,94,1.0
92,94,1.0
5,95,1.0
6,95,1.0
91,95,1.0
92,95,1.0
94,95,1.0
4,96,1.0
6,96,1.0
93,96,1.0
94,96,1.0
79,97,1.0
81,97,1.0
5,98,1.0
6,98,1.0
80,98,1.0
97,98,1.0
4,99,1.0
6,99,1.0
79,99,1.0
81,99,1.0
5,101,1.0
6,101,1.0
100,101,1.0
4,102,1.0
6,102,1.0
100,102,1.0
82,103,1.0
84,103,1.0
100,103,1.0
101,103,1.0
83,104,1.0
100,104,1.0
101,104,1.0
103,104,1.0
82,105,1.0
84,105,1.0
102,105,1.0
103,105,1.0
103,106,1.0
104,106,1.0
5,107,1.0
6,107,1.0
103,107,1.0
104,107,1.0
106,107,1.0
4,108,1.0
6,108,1.0
105,108,1.0
5,110,1.0
6,110,1.0
109,110,1.0
4,111,1.0
6,111,1.0
109,112,1.0
110,112,1.0
5,113,1.0
6,113,1.0
109,113,1.0
110,113,1.0
4,114,1.0
6,114,1.0
111,114,1.0
94,115,1.0
96,115,1.0
112,115,1.0
113,115,1.0
5,116,1.0
6,116,1.0
95,116,1.0
112,116,1.0
113,116,1.0
115,116,1.0
4,117,1.0
6,117,1.0
94,117,1.0
96,117,1.0
114,117,1.0
97,118,1.0
99,118,1.0
115,118,1.0
116,118,1.0
5,119,1.0
6,119,1.0
98,119,1.0
115,119,1.0
116,119,1.0
4,120,1.0
6,120,1.0
97,120,1.0
99,120,1.0
117,120,1.0
100,121,1.0
102,121,1.0
118,121,1.0
119,121,1.0
5,122,1.0
6,122,1.0
101,122,1.0
118,122,1.0
119,122,1.0
4,123,1.0
6,123,1.0
100,123,1.0
102,123,1.0
120,123,1.0
121,124,1.0
122,124,1.0
5,125,1.0
6,125,1.0
121,125,1.0
122,125,1.0
124,125,1.0
4,126,1.0
6,126,1.0
123,126,1.0
5,128,1.0
6,128,1.0
127,128,1.0
4,129,1.0
6,129,1.0
127,130,1.0
128,130,1.0
5,131,1.0
6,131,1.0
127,131,1.0
128,131,1.0
4,132,1.0
6,132,1.0
129,132,1.0
115,133,1.0
117,133,1.0
130,133,1.0
131,133,1.0
5,134,1.0
6,134,1.0
116,134,1.0
130,134,1.0
131,134,1.0
133,134,1.0
4,135,1.0
6,135,1.0
115,135,1.0
117,135,1.0
132,135,1.0
118,136,1.0
120,136,1.0
133,136,1.0
134,136,1.0
5,137,1.0
6,137,1.0
119,137,1.0
133,137,1.0
134,137,1.0
4,138,1.0
6,138,1.0
118,138,1.0
120,138,1.0
135,138,1.0
121,139,1.0
123,139,1.0
136,139,1.0
137,139,1.0
5,140,1.0
6,140,1.0
122,140,1.0
136,140,1.0
137,140,1.0
4,141,1.0
6,141,1.0
121,141,1.0
123,141,1.0
138,141,1.0
139,142,1.0
140,142,1.0
5,143,1.0
6,143,1.0
139,143,1.0
140,143,1.0
142,143,1.0
4,144,1.0
6,144,1.0
141,144,1.0
5,146,1.0
6,146,1.0
145,146,1.0
4,147,1.0
6,147,1.0
145,147,1.0
145,148,1.0
146,148,1.0
5,149,1.0
6,149,1.0
145,149,1.0
146,149,1.0
4,150,1.0
6,150,1.0
147,150,1.0
133,151,1.0
135,151,1.0
148,151,1.0
149,151,1.0
5,152,1.0
6,152,1.0
134,152,1.0
148,152,1.0
149,152,1.0
151,152,1.0
4,153,1.0
6,153,1.0
133,153,1.0
135,153,1.0
150,153,1.0
151,153,1.0
136,154,1.0
138,154,1.0
151,154,1.0
152,154,1.0
5,155,1.0
6,155,1.0
137,155,1.0
151,155,1.0
152,155,1.0
4,156,1.0
6,156,1.0
136,156,1.0
138,156,1.0
153,156,1.0
154,156,1.0
139,157,1.0
141,157,1.0
154,157,1.0
155,157,1.0
5,158,1.0
6,158,1.0
140,158,1.0
154,158,1.0
155,158,1.0
4,159,1.0
6,159,1.0
139,159,1.0
141,159,1.0
156,159,1.0
157,160,1.0
158,160,1.0
5,161,1.0
6,161,1.0
157,161,1.0
158,161,1.0
160,161,1.0
4,162,1.0
6,162,1.0
159,162,1.0
145,163,1.0
147,163,1.0
5,164,1.0
6,164,1.0
146,164,1.0
4,165,1.0
6,165,1.0
145,165,1.0
147,165,1.0
163,165,1.0
4,166,1.0
6,166,1.0
157,166,1.0
159,166,1.0
5,167,1.0
6,167,1.0
158,167,1.0
166,167,1.0
4,168,1.0
6,168,1.0
157,168,1.0
159,168,1.0
166,168,1.0
166,169,1.0
167,169,1.0
5,170,1.0
6,170,1.0
166,170,1.0
167,170,1.0
169,170,1.0
4,171,1.0
6,171,1.0
168,171,1.0
5,173,1.0
6,173,1.0
4,174,1.0
6,174,1.0
94,175,1.0
95,175,1.0
97,175,1.0
98,175,1.0
5,176,1.0
6,176,1.0
94,176,1.0
95,176,1.0
97,176,1.0
98,176,1.0
175,176,1.0
4,177,1.0
6,177,1.0
96,177,1.0
99,177,1.0
97,178,1.0
98,178,1.0
100,178,1.0
101,178,1.0
5,179,1.0
6,179,1.0
97,179,1.0
98,179,1.0
100,179,1.0
101,179,1.0
178,179,1.0
4,180,1.0
6,180,1.0
99,180,1.0
102,180,1.0
3,181,1.0
4,181,1.0
6,181,1.0
9,181,1.0
12,181,1.0
15,181,1.0
18,181,1.0
21,181,1.0
24,181,1.0
27,181,1.0
30,181,1.0
33,181,1.0
36,181,1.0
42,181,1.0
54,181,1.0
2,182,1.0
5,182,1.0
6,182,1.0
8,182,1.0
11,182,1.0
14,182,1.0
17,182,1.0
20,182,1.0
23,182,1.0
26,182,1.0
29,182,1.0
32,182,1.0
35,182,1.0
41,182,1.0
53,182,1.0
2,183,1.0
3,183,1.0
4,183,1.0
5,183,1.0
6,183,1.0
8,183,1.0
9,183,1.0
11,183,1.0
12,183,1.0
14,183,1.0
17,183,1.0
18,183,1.0
20,183,1.0
21,183,1.0
23,183,1.0
24,183,1.0
26,183,1.0
27,183,1.0
29,183,1.0
32,183,1.0
33,183,1.0
35,183,1.0
36,183,1.0
41,183,1.0
42,183,1.0
53,183,1.0
54,183,1.0
181,183,1.0
182,183,1.0
7,184,1.0
8,184,1.0
10,184,1.0
5,185,1.0
6,185,1.0
7,185,1.0
8,185,1.0
11,185,1.0
182,185,1.0
183,185,1.0
4,186,1.0
6,186,1.0
9,186,1.0
12,186,1.0
181,186,1.0
183,186,1.0
184,186,1.0
7,187,1.0
9,187,1.0
22,187,1.0
5,188,1.0
6,188,1.0
8,188,1.0
23,188,1.0
182,188,1.0
183,188,1.0
187,188,1.0
4,189,1.0
6,189,1.0
7,189,1.0
9,189,1.0
24,189,1.0
181,189,1.0
183,189,1.0
187,189,1.0
4,190,1.0
6,190,1.0
12,190,1.0
4,191,1.0
6,191,1.0
15,191,1.0
13,192,1.0
184,192,1.0
185,192,1.0
5,193,1.0
6,193,1.0
14,193,1.0
182,193,1.0
183,193,1.0
184,193,1.0
185,193,1.0
4,194,1.0
6,194,1.0
15,194,1.0
181,194,1.0
186,194,1.0
192,194,1.0
4,195,1.0
6,195,1.0
18,195,1.0
16,196,1.0
192,196,1.0
193,196,1.0
5,197,1.0
6,197,1.0
17,197,1.0
182,197,1.0
183,197,1.0
192,197,1.0
193,197,1.0
4,198,1.0
6,198,1.0
18,198,1.0
181,198,1.0
183,198,1.0
194,198,1.0
196,198,1.0
19,199,1.0
196,199,1.0
197,199,1.0
5,200,1.0
6,200,1.0
20,200,1.0
182,200,1.0
183,200,1.0
196,200,1.0
197,200,1.0
199,200,1.0
4,201,1.0
6,201,1.0
21,201,1.0
181,201,1.0
183,201,1.0
198,201,1.0
199,201,1.0
5,202,1.0
6,202,1.0
23,202,1.0
5,203,1.0
6,203,1.0
26,203,1.0
4,204,1.0
6,204,1.0
27,204,1.0
25,205,1.0
184,205,1.0
186,205,1.0
187,205,1.0
188,205,1.0
5,206,1.0
6,206,1.0
26,206,1.0
182,206,1.0
183,206,1.0
185,206,1.0
187,206,1.0
188,206,1.0
4,207,1.0
6,207,1.0
27,207,1.0
181,207,1.0
183,207,1.0
184,207,1.0
186,207,1.0
189,207,1.0
205,207,1.0
5,208,1.0
6,208,1.0
29,208,1.0
4,209,1.0
6,209,1.0
30,209,1.0
28,210,1.0
192,210,1.0
194,210,1.0
205,210,1.0
206,210,1.0
5,211,1.0
6,211,1.0
29,211,1.0
182,211,1.0
183,211,1.0
193,211,1.0
205,211,1.0
206,211,1.0
4,212,1.0
6,212,1.0
30,212,1.0
181,212,1.0
192,212,1.0
194,212,1.0
207,212,1.0
210,212,1.0
5,213,1.0
6,213,1.0
32,213,1.0
4,214,1.0
6,214,1.0
33,214,1.0
31,215,1.0
196,215,1.0
198,215,1.0
210,215,1.0
211,215,1.0
5,216,1.0
6,216,1.0
32,216,1.0
182,216,1.0
183,216,1.0
197,216,1.0
210,216,1.0
211,216,1.0
4,217,1.0
6,217,1.0
33,217,1.0
181,217,1.0
183,217,1.0
196,217,1.0
198,217,1.0
212,217,1.0
215,217,1.0
5,218,1.0
6,218,1.0
35,218,1.0
34,219,1.0
199,219,1.0
201,219,1.0
215,219,1.0
216,219,1.0
5,220,1.0
6,220,1.0
35,220,1.0
182,220,1.0
183,220,1.0
200,220,1.0
215,220,1.0
216,220,1.0
219,220,1.0
4,221,1.0
6,221,1.0
36,221,1.0
181,221,1.0
183,221,1.0
199,221,1.0
201,221,1.0
217,221,1.0
219,221,1.0
5,222,1.0
6,222,1.0
38,222,1.0
4,223,1.0
6,223,1.0
39,223,1.0
181,223,1.0
183,223,1.0
5,224,1.0
6,224,1.0
38,224,1.0
182,224,1.0
183,224,1.0
37,225,1.0
5,226,1.0
6,226,1.0
38,226,1.0
182,226,1.0
183,226,1.0
224,226,1.0
4,227,1.0
6,227,1.0
39,227,1.0
181,227,1.0
183,227,1.0
223,227,1.0
225,227,1.0
6,228,1.0
183,228,1.0
224,228,1.0
5,229,1.0
6,229,1.0
41,229,1.0
4,230,1.0
6,230,1.0
42,230,1.0
40,231,1.0
5,232,1.0
6,232,1.0
41,232,1.0
182,232,1.0
183,232,1.0
231,232,1.0
4,233,1.0
6,233,1.0
42,233,1.0
181,233,1.0
183,233,1.0
5,234,1.0
6,234,1.0
47,234,1.0
4,235,1.0
6,235,1.0
48,235,1.0
4,236,1.0
6,236,1.0
48,236,1.0
181,236,1.0
5,237,1.0
6,237,1.0
47,237,1.0
182,237,1.0
183,237,1.0
46,238,1.0
5,239,1.0
6,239,1.0
47,239,1.0
182,239,1.0
183,239,1.0
237,239,1.0
4,240,1.0
6,240,1.0
48,240,1.0
181,240,1.0
236,240,1.0
238,240,1.0
6,241,1.0
183,241,1.0
237,241,1.0
5,242,1.0
6,242,1.0
53,242,1.0
4,243,1.0
6,243,1.0
54,243,1.0
52,244,1.0
5,245,1.0
6,245,1.0
53,245,1.0
182,245,1.0
183,245,1.0
244,245,1.0
4,246,1.0
6,246,1.0
54,246,1.0
181,246,1.0
183,246,1.0
5,247,1.0
6,247,1.0
56,247,1.0
4,248,1.0
6,248,1.0
57,248,1.0
181,248,1.0
183,248,1.0
5,249,1.0
6,249,1.0
56,249,1.0
182,249,1.0
183,249,1.0
55,250,1.0
5,251,1.0
6,251,1.0
56,251,1.0
182,251,1.0
183,251,1.0
249,251,1.0
4,252,1.0
6,252,1.0
57,252,1.0
181,252,1.0
183,252,1.0
248,252,1.0
250,252,1.0
6,253,1.0
183,253,1.0
249,253,1.0
5,254,1.0
6,254,1.0
59,254,1.0
4,255,1.0
6,255,1.0
60,255,1.0
223,255,1.0
5,256,1.0
6,256,1.0
59,256,1.0
224,256,1.0
228,256,1.0
58,257,1.0
225,257,1.0
227,257,1.0
5,258,1.0
6,258,1.0
59,258,1.0
226,258,1.0
256,258,1.0
4,259,1.0
6,259,1.0
60,259,1.0
225,259,1.0
227,259,1.0
255,259,1.0
6,260,1.0
224,260,1.0
228,260,1.0
5,261,1.0
6,261,1.0
62,261,1.0
4,262,1.0
6,262,1.0
63,262,1.0
5,263,1.0
6,263,1.0
65,263,1.0
4,264,1.0
6,264,1.0
66,264,1.0
4,265,1.0
6,265,1.0
66,265,1.0
236,265,1.0
5,266,1.0
6,266,1.0
65,266,1.0
237,266,1.0
241,266,1.0
64,267,1.0
238,267,1.0
240,267,1.0
5,268,1.0
6,268,1.0
65,268,1.0
239,268,1.0
266,268,1.0
4,269,1.0
6,269,1.0
66,269,1.0
238,269,1.0
240,269,1.0
265,269,1.0
6,270,1.0
237,270,1.0
241,270,1.0
5,271,1.0
6,271,1.0
68,271,1.0
4,272,1.0
6,272,1.0
69,272,1.0
5,273,1.0
6,273,1.0
71,273,1.0
4,274,1.0
6,274,1.0
72,274,1.0
248,274,1.0
5,275,1.0
6,275,1.0
71,275,1.0
249,275,1.0
253,275,1.0
70,276,1.0
250,276,1.0
252,276,1.0
5,277,1.0
6,277,1.0
71,277,1.0
251,277,1.0
275,277,1.0
4,278,1.0
6,278,1.0
72,278,1.0
250,278,1.0
252,278,1.0
274,278,1.0
6,279,1.0
249,279,1.0
253,279,1.0
5,280,1.0
6,280,1.0
74,280,1.0
4,281,1.0
6,281,1.0
75,281,1.0
255,281,1.0
5,282,1.0
6,282,1.0
74,282,1.0
256,282,1.0
260,282,1.0
73,283,1.0
257,283,1.0
259,283,1.0
5,284,1.0
6,284,1.0
74,284,1.0
258,284,1.0
282,284,1.0
4,285,1.0
6,285,1.0
75,285,1.0
257,285,1.0
259,285,1.0
281,285,1.0
6,286,1.0
256,286,1.0
260,286,1.0
5,287,1.0
6,287,1.0
77,287,1.0
4,288,1.0
6,288,1.0
78,288,1.0
5,289,1.0
6,289,1.0
80,289,1.0
4,290,1.0
6,290,1.0
81,290,1.0
4,291,1.0
6,291,1.0
81,291,1.0
265,291,1.0
5,292,1.0
6,292,1.0
80,292,1.0
266,292,1.0
270,292,1.0
79,293,1.0
267,293,1.0
269,293,1.0
5,294,1.0
6,294,1.0
80,294,1.0
268,294,1.0
292,294,1.0
4,295,1.0
6,295,1.0
81,295,1.0
267,295,1.0
269,295,1.0
291,295,1.0
6,296,1.0
266,296,1.0
270,296,1.0
5,297,1.0
6,297,1.0
83,297,1.0
4,298,1.0
6,298,1.0
84,298,1.0
5,299,1.0
6,299,1.0
86,299,1.0
4,300,1.0
6,300,1.0
87,300,1.0
274,300,1.0
5,301,1.0
6,301,1.0
86,301,1.0
275,301,1.0
279,301,1.0
85,302,1.0
276,302,1.0
278,302,1.0
5,303,1.0
6,303,1.0
86,303,1.0
277,303,1.0
301,303,1.0
4,304,1.0
6,304,1.0
87,304,1.0
276,304,1.0
278,304,1.0
300,304,1.0
6,305,1.0
275,305,1.0
279,305,1.0
5,306,1.0
6,306,1.0
89,306,1.0
88,307,1.0
283,307,1.0
285,307,1.0
5,308,1.0
6,308,1.0
89,308,1.0
284,308,1.0
307,308,1.0
4,309,1.0
6,309,1.0
90,309,1.0
283,309,1.0
285,309,1.0
5,310,1.0
6,310,1.0
92,310,1.0
4,311,1.0
6,311,1.0
93,311,1.0
91,312,1.0
307,312,1.0
308,312,1.0
5,313,1.0
6,313,1.0
92,313,1.0
307,313,1.0
308,313,1.0
4,314,1.0
6,314,1.0
93,314,1.0
309,314,1.0
5,315,1.0
6,315,1.0
95,315,1.0
4,316,1.0
6,316,1.0
96,316,1.0
5,317,1.0
6,317,1.0
98,317,1.0
4,318,1.0
6,318,1.0
99,318,1.0
97,319,1.0
293,319,1.0
295,319,1.0
5,320,1.0
6,320,1.0
98,320,1.0
294,320,1.0
319,320,1.0
4,321,1.0
6,321,1.0
99,321,1.0
293,321,1.0
295,321,1.0
5,322,1.0
6,322,1.0
101,322,1.0
4,323,1.0
6,323,1.0
102,323,1.0
5,324,1.0
6,324,1.0
107,324,1.0
106,325,1.0
302,325,1.0
304,325,1.0
5,326,1.0
6,326,1.0
107,326,1.0
303,326,1.0
325,326,1.0
4,327,1.0
6,327,1.0
108,327,1.0
302,327,1.0
304,327,1.0
5,328,1.0
6,328,1.0
110,328,1.0
109,329,1.0
307,329,1.0
309,329,1.0
5,330,1.0
6,330,1.0
110,330,1.0
308,330,1.0
329,330,1.0
4,331,1.0
6,331,1.0
111,331,1.0
307,331,1.0
309,331,1.0
5,332,1.0
6,332,1.0
113,332,1.0
4,333,1.0
6,333,1.0
114,333,1.0
112,334,1.0
329,334,1.0
330,334,1.0
5,335,1.0
6,335,1.0
113,335,1.0
329,335,1.0
330,335,1.0
4,336,1.0
6,336,1.0
114,336,1.0
331,336,1.0
334,336,1.0
5,337,1.0
6,337,1.0
116,337,1.0
4,338,1.0
6,338,1.0
117,338,1.0
115,339,1.0
334,339,1.0
335,339,1.0
5,340,1.0
6,340,1.0
116,340,1.0
334,340,1.0
335,340,1.0
339,340,1.0
4,341,1.0
6,341,1.0
117,341,1.0
336,341,1.0
5,342,1.0
6,342,1.0
119,342,1.0
4,343,1.0
6,343,1.0
120,343,1.0
118,344,1.0
319,344,1.0
321,344,1.0
339,344,1.0
340,344,1.0
5,345,1.0
6,345,1.0
119,345,1.0
320,345,1.0
339,345,1.0
340,345,1.0
4,346,1.0
6,346,1.0
120,346,1.0
319,346,1.0
321,346,1.0
341,346,1.0
5,347,1.0
6,347,1.0
122,347,1.0
4,348,1.0
6,348,1.0
123,348,1.0
121,349,1.0
344,349,1.0
345,349,1.0
5,350,1.0
6,350,1.0
122,350,1.0
344,350,1.0
345,350,1.0
4,351,1.0
6,351,1.0
123,351,1.0
346,351,1.0
5,352,1.0
6,352,1.0
125,352,1.0
124,353,1.0
325,353,1.0
327,353,1.0
349,353,1.0
350,353,1.0
5,354,1.0
6,354,1.0
125,354,1.0
326,354,1.0
349,354,1.0
350,354,1.0
353,354,1.0
4,355,1.0
6,355,1.0
126,355,1.0
325,355,1.0
327,355,1.0
351,355,1.0
5,356,1.0
6,356,1.0
128,356,1.0
127,357,1.0
329,357,1.0
331,357,1.0
5,358,1.0
6,358,1.0
128,358,1.0
330,358,1.0
357,358,1.0
4,359,1.0
6,359,1.0
129,359,1.0
329,359,1.0
331,359,1.0
5,360,1.0
6,360,1.0
131,360,1.0
4,361,1.0
6,361,1.0
132,361,1.0
130,362,1.0
334,362,1.0
336,362,1.0
357,362,1.0
358,362,1.0
5,363,1.0
6,363,1.0
131,363,1.0
335,363,1.0
357,363,1.0
358,363,1.0
4,364,1.0
6,364,1.0
132,364,1.0
334,364,1.0
336,364,1.0
359,364,1.0
5,365,1.0
6,365,1.0
134,365,1.0
4,366,1.0
6,366,1.0
135,366,1.0
133,367,1.0
339,367,1.0
341,367,1.0
362,367,1.0
363,367,1.0
5,368,1.0
6,368,1.0
134,368,1.0
340,368,1.0
362,368,1.0
363,368,1.0
367,368,1.0
4,369,1.0
6,369,1.0
135,369,1.0
339,369,1.0
341,369,1.0
364,369,1.0
5,370,1.0
6,370,1.0
137,370,1.0
4,371,1.0
6,371,1.0
138,371,1.0
136,372,1.0
344,372,1.0
346,372,1.0
367,372,1.0
368,372,1.0
5,373,1.0
6,373,1.0
137,373,1.0
345,373,1.0
367,373,1.0
368,373,1.0
4,374,1.0
6,374,1.0
138,374,1.0
344,374,1.0
346,374,1.0
369,374,1.0
5,375,1.0
6,375,1.0
140,375,1.0
4,376,1.0
6,376,1.0
141,376,1.0
139,377,1.0
349,377,1.0
351,377,1.0
372,377,1.0
373,377,1.0
5,378,1.0
6,378,1.0
140,378,1.0
350,378,1.0
372,378,1.0
373,378,1.0
4,379,1.0
6,379,1.0
141,379,1.0
349,379,1.0
351,379,1.0
374,379,1.0
5,380,1.0
6,380,1.0
143,380,1.0
142,381,1.0
353,381,1.0
355,381,1.0
377,381,1.0
378,381,1.0
5,382,1.0
6,382,1.0
143,382,1.0
354,382,1.0
377,382,1.0
378,382,1.0
381,382,1.0
4,383,1.0
6,383,1.0
144,383,1.0
353,383,1.0
355,383,1.0
379,383,1.0
145,384,1.0
5,385,1.0
6,385,1.0
146,385,1.0
384,385,1.0
4,386,1.0
6,386,1.0
147,386,1.0
145,387,1.0
357,387,1.0
359,387,1.0
5,388,1.0
6,388,1.0
146,388,1.0
358,388,1.0
387,388,1.0
4,389,1.0
6,389,1.0
147,389,1.0
357,389,1.0
359,389,1.0
387,389,1.0
148,390,1.0
384,390,1.0
385,390,1.0
5,391,1.0
6,391,1.0
149,391,1.0
384,391,1.0
385,391,1.0
4,392,1.0
6,392,1.0
150,392,1.0
386,392,1.0
148,393,1.0
362,393,1.0
364,393,1.0
387,393,1.0
388,393,1.0
5,394,1.0
6,394,1.0
149,394,1.0
363,394,1.0
387,394,1.0
388,394,1.0
4,395,1.0
6,395,1.0
150,395,1.0
362,395,1.0
364,395,1.0
389,395,1.0
151,396,1.0
390,396,1.0
391,396,1.0
5,397,1.0
6,397,1.0
152,397,1.0
390,397,1.0
391,397,1.0
396,397,1.0
4,398,1.0
6,398,1.0
153,398,1.0
392,398,1.0
396,398,1.0
151,399,1.0
367,399,1.0
369,399,1.0
393,399,1.0
394,399,1.0
5,400,1.0
6,400,1.0
152,400,1.0
368,400,1.0
393,400,1.0
394,400,1.0
399,400,1.0
4,401,1.0
6,401,1.0
153,401,1.0
367,401,1.0
369,401,1.0
395,401,1.0
154,402,1.0
396,402,1.0
397,402,1.0
5,403,1.0
6,403,1.0
155,403,1.0
396,403,1.0
397,403,1.0
4,404,1.0
6,404,1.0
156,404,1.0
398,404,1.0
402,404,1.0
154,405,1.0
372,405,1.0
374,405,1.0
399,405,1.0
400,405,1.0
5,406,1.0
6,406,1.0
155,406,1.0
373,406,1.0
399,406,1.0
400,406,1.0
4,407,1.0
6,407,1.0
156,407,1.0
372,407,1.0
374,407,1.0
401,407,1.0
157,408,1.0
402,408,1.0
403,408,1.0
5,409,1.0
6,409,1.0
158,409,1.0
402,409,1.0
403,409,1.0
4,410,1.0
6,410,1.0
159,410,1.0
404,410,1.0
408,410,1.0
157,411,1.0
377,411,1.0
379,411,1.0
405,411,1.0
406,411,1.0
5,412,1.0
6,412,1.0
158,412,1.0
378,412,1.0
405,412,1.0
406,412,1.0
4,413,1.0
6,413,1.0
159,413,1.0
377,413,1.0
379,413,1.0
407,413,1.0
160,414,1.0
408,414,1.0
409,414,1.0
5,415,1.0
6,415,1.0
161,415,1.0
408,415,1.0
409,415,1.0
414,415,1.0
4,416,1.0
6,416,1.0
162,416,1.0
410,416,1.0
160,417,1.0
381,417,1.0
383,417,1.0
411,417,1.0
412,417,1.0
5,418,1.0
6,418,1.0
161,418,1.0
382,418,1.0
411,418,1.0
412,418,1.0
417,418,1.0
4,419,1.0
6,419,1.0
162,419,1.0
381,419,1.0
383,419,1.0
413,419,1.0
163,420,1.0
5,421,1.0
6,421,1.0
164,421,1.0
4,422,1.0
6,422,1.0
165,422,1.0
163,423,1.0
5,424,1.0
6,424,1.0
164,424,1.0
423,424,1.0
4,425,1.0
6,425,1.0
165,425,1.0
4,426,1.0
6,426,1.0
166,426,1.0
168,426,1.0
5,427,1.0
6,427,1.0
167,427,1.0
4,428,1.0
6,428,1.0
166,428,1.0
168,428,1.0
426,428,1.0
166,429,1.0
408,429,1.0
410,429,1.0
5,430,1.0
6,430,1.0
167,430,1.0
409,430,1.0
4,431,1.0
6,431,1.0
168,431,1.0
408,431,1.0
410,431,1.0
166,432,1.0
411,432,1.0
413,432,1.0
5,433,1.0
6,433,1.0
167,433,1.0
412,433,1.0
432,433,1.0
4,434,1.0
6,434,1.0
168,434,1.0
411,434,1.0
413,434,1.0
169,435,1.0
429,435,1.0
430,435,1.0
5,436,1.0
6,436,1.0
170,436,1.0
429,436,1.0
430,436,1.0
435,436,1.0
4,437,1.0
6,437,1.0
171,437,1.0
431,437,1.0
169,438,1.0
417,438,1.0
419,438,1.0
432,438,1.0
433,438,1.0
5,439,1.0
6,439,1.0
170,439,1.0
418,439,1.0
432,439,1.0
433,439,1.0
438,439,1.0
4,440,1.0
6,440,1.0
171,440,1.0
417,440,1.0
419,440,1.0
434,440,1.0
172,441,1.0
5,442,1.0
6,442,1.0
173,442,1.0
441,442,1.0
4,443,1.0
6,443,1.0
174,443,1.0
172,444,1.0
426,444,1.0
427,444,1.0
5,445,1.0
6,445,1.0
173,445,1.0
426,445,1.0
427,445,1.0
444,445,1.0
4,446,1.0
6,446,1.0
174,446,1.0
428,446,1.0
444,446,1.0
175,447,1.0
319,447,1.0
320,447,1.0
5,448,1.0
6,448,1.0
176,448,1.0
319,448,1.0
320,448,1.0
447,448,1.0
4,449,1.0
6,449,1.0
177,449,1.0
321,449,1.0
178,450,1.0
319,450,1.0
320,450,1.0
5,451,1.0
6,451,1.0
179,451,1.0
319,451,1.0
320,451,1.0
450,451,1.0
4,452,1.0
6,452,1.0
180,452,1.0
321,452,1.0
187,453,1.0
189,453,1.0
225,453,1.0
231,453,1.0
232,453,1.0
182,454,1.0
183,454,1.0
188,454,1.0
224,454,1.0
226,454,1.0
231,454,1.0
232,454,1.0
453,454,1.0
181,455,1.0
183,455,1.0
187,455,1.0
189,455,1.0
223,455,1.0
227,455,1.0
233,455,1.0
453,455,1.0
205,456,1.0
207,456,1.0
231,456,1.0
232,456,1.0
206,457,1.0
231,457,1.0
232,457,1.0
456,457,1.0
205,458,1.0
207,458,1.0
233,458,1.0
456,458,1.0
210,459,1.0
212,459,1.0
238,459,1.0
456,459,1.0
457,459,1.0
182,460,1.0
183,460,1.0
211,460,1.0
237,460,1.0
239,460,1.0
456,460,1.0
457,460,1.0
181,461,1.0
210,461,1.0
212,461,1.0
236,461,1.0
240,461,1.0
458,461,1.0
459,461,1.0
215,462,1.0
217,462,1.0
244,462,1.0
245,462,1.0
459,462,1.0
460,462,1.0
216,463,1.0
244,463,1.0
245,463,1.0
459,463,1.0
460,463,1.0
462,463,1.0
215,464,1.0
217,464,1.0
246,464,1.0
461,464,1.0
462,464,1.0
219,465,1.0
221,465,1.0
244,465,1.0
245,465,1.0
250,465,1.0
182,466,1.0
183,466,1.0
220,466,1.0
244,466,1.0
245,466,1.0
249,466,1.0
251,466,1.0
465,466,1.0
181,467,1.0
183,467,1.0
219,467,1.0
221,467,1.0
246,467,1.0
248,467,1.0
252,467,1.0
465,467,1.0
231,468,1.0
182,469,1.0
183,469,1.0
232,469,1.0
468,469,1.0
181,470,1.0
183,470,1.0
233,470,1.0
244,471,1.0
182,472,1.0
183,472,1.0
245,472,1.0
471,472,1.0
181,473,1.0
183,473,1.0
246,473,1.0
257,474,1.0
256,475,1.0
258,475,1.0
255,476,1.0
259,476,1.0
267,477,1.0
266,478,1.0
268,478,1.0
265,479,1.0
269,479,1.0
276,480,1.0
275,481,1.0
277,481,1.0
274,482,1.0
278,482,1.0
283,483,1.0
474,483,1.0
476,483,1.0
282,484,1.0
284,484,1.0
475,484,1.0
281,485,1.0
285,485,1.0
474,485,1.0
476,485,1.0
293,486,1.0
477,486,1.0
479,486,1.0
292,487,1.0
294,487,1.0
478,487,1.0
291,488,1.0
295,488,1.0
477,488,1.0
479,488,1.0
302,489,1.0
480,489,1.0
482,489,1.0
301,490,1.0
303,490,1.0
481,490,1.0
300,491,1.0
304,491,1.0
480,491,1.0
482,491,1.0
4,492,1.0
6,492,1.0
90,492,1.0
93,492,1.0
99,492,1.0
108,492,1.0
111,492,1.0
114,492,1.0
117,492,1.0
120,492,1.0
123,492,1.0
126,492,1.0
129,492,1.0
132,492,1.0
135,492,1.0
138,492,1.0
141,492,1.0
144,492,1.0
147,492,1.0
150,492,1.0
153,492,1.0
156,492,1.0
159,492,1.0
162,492,1.0
168,492,1.0
171,492,1.0
177,492,1.0
180,492,1.0
281,492,1.0
291,492,1.0
300,492,1.0
309,492,1.0
314,492,1.0
321,492,1.0
327,492,1.0
331,492,1.0
336,492,1.0
341,492,1.0
346,492,1.0
351,492,1.0
355,492,1.0
359,492,1.0
364,492,1.0
369,492,1.0
374,492,1.0
379,492,1.0
383,492,1.0
389,492,1.0
395,492,1.0
401,492,1.0
407,492,1.0
413,492,1.0
419,492,1.0
428,492,1.0
434,492,1.0
440,492,1.0
446,492,1.0
449,492,1.0
452,492,1.0
5,493,1.0
6,493,1.0
89,493,1.0
92,493,1.0
98,493,1.0
107,493,1.0
110,493,1.0
113,493,1.0
116,493,1.0
119,493,1.0
122,493,1.0
125,493,1.0
128,493,1.0
131,493,1.0
134,493,1.0
137,493,1.0
140,493,1.0
143,493,1.0
146,493,1.0
149,493,1.0
152,493,1.0
155,493,1.0
158,493,1.0
161,493,1.0
167,493,1.0
170,493,1.0
176,493,1.0
179,493,1.0
282,493,1.0
286,493,1.0
292,493,1.0
296,493,1.0
301,493,1.0
305,493,1.0
308,493,1.0
313,493,1.0
320,493,1.0
326,493,1.0
330,493,1.0
335,493,1.0
340,493,1.0
345,493,1.0
350,493,1.0
354,493,1.0
358,493,1.0
363,493,1.0
368,493,1.0
373,493,1.0
378,493,1.0
382,493,1.0
388,493,1.0
394,493,1.0
400,493,1.0
406,493,1.0
412,493,1.0
418,493,1.0
427,493,1.0
433,493,1.0
439,493,1.0
445,493,1.0
448,493,1.0
451,493,1.0
4,494,1.0
5,494,1.0
6,494,1.0
89,494,1.0
90,494,1.0
92,494,1.0
93,494,1.0
98,494,1.0
99,494,1.0
107,494,1.0
108,494,1.0
110,494,1.0
111,494,1.0
113,494,1.0
114,494,1.0
116,494,1.0
117,494,1.0
119,494,1.0
120,494,1.0
122,494,1.0
123,494,1.0
125,494,1.0
126,494,1.0
128,494,1.0
129,494,1.0
131,494,1.0
132,494,1.0
134,494,1.0
135,494,1.0
137,494,1.0
138,494,1.0
140,494,1.0
141,494,1.0
143,494,1.0
144,494,1.0
146,494,1.0
147,494,1.0
149,494,1.0
150,494,1.0
152,494,1.0
153,494,1.0
155,494,1.0
156,494,1.0
158,494,1.0
159,494,1.0
161,494,1.0
162,494,1.0
167,494,1.0
168,494,1.0
170,494,1.0
171,494,1.0
176,494,1.0
177,494,1.0
179,494,1.0
180,494,1.0
281,494,1.0
282,494,1.0
286,494,1.0
291,494,1.0
292,494,1.0
296,494,1.0
300,494,1.0
301,494,1.0
305,494,1.0
308,494,1.0
309,494,1.0
313,494,1.0
314,494,1.0
320,494,1.0
321,494,1.0
326,494,1.0
327,494,1.0
330,494,1.0
331,494,1.0
335,494,1.0
336,494,1.0
340,494,1.0
341,494,1.0
345,494,1.0
346,494,1.0
350,494,1.0
351,494,1.0
354,494,1.0
355,494,1.0
358,494,1.0
359,494,1.0
363,494,1.0
364,494,1.0
368,494,1.0
369,494,1.0
373,494,1.0
374,494,1.0
378,494,1.0
379,494,1.0
382,494,1.0
383,494,1.0
388,494,1.0
389,494,1.0
394,494,1.0
395,494,1.0
400,494,1.0
401,494,1.0
406,494,1.0
407,494,1.0
412,494,1.0
413,494,1.0
418,494,1.0
419,494,1.0
427,494,1.0
428,494,1.0
433,494,1.0
434,494,1.0
439,494,1.0
440,494,1.0
445,494,1.0
446,494,1.0
448,494,1.0
449,494,1.0
451,494,1.0
452,494,1.0
492,494,1.0
493,494,1.0
307,495,1.0
483,495,1.0
485,495,1.0
308,496,1.0
484,496,1.0
493,496,1.0
494,496,1.0
495,496,1.0
309,497,1.0
483,497,1.0
485,497,1.0
492,497,1.0
494,497,1.0
312,498,1.0
313,498,1.0
339,498,1.0
341,498,1.0
447,498,1.0
448,498,1.0
312,499,1.0
313,499,1.0
340,499,1.0
447,499,1.0
448,499,1.0
498,499,1.0
314,500,1.0
339,500,1.0
341,500,1.0
449,500,1.0
498,500,1.0
312,501,1.0
495,501,1.0
496,501,1.0
313,502,1.0
493,502,1.0
494,502,1.0
495,502,1.0
496,502,1.0
314,503,1.0
492,503,1.0
494,503,1.0
497,503,1.0
319,504,1.0
486,504,1.0
488,504,1.0
320,505,1.0
487,505,1.0
493,505,1.0
494,505,1.0
504,505,1.0
321,506,1.0
486,506,1.0
488,506,1.0
492,506,1.0
494,506,1.0
325,507,1.0
326,507,1.0
349,507,1.0
351,507,1.0
450,507,1.0
451,507,1.0
325,508,1.0
326,508,1.0
350,508,1.0
450,508,1.0
451,508,1.0
507,508,1.0
327,509,1.0
349,509,1.0
351,509,1.0
452,509,1.0
507,509,1.0
325,510,1.0
489,510,1.0
491,510,1.0
326,511,1.0
490,511,1.0
493,511,1.0
494,511,1.0
510,511,1.0
327,512,1.0
489,512,1.0
491,512,1.0
492,512,1.0
494,512,1.0
329,513,1.0
495,513,1.0
497,513,1.0
330,514,1.0
493,514,1.0
494,514,1.0
496,514,1.0
513,514,1.0
331,515,1.0
492,515,1.0
494,515,1.0
495,515,1.0
497,515,1.0
334,516,1.0
513,516,1.0
514,516,1.0
335,517,1.0
493,517,1.0
494,517,1.0
513,517,1.0
514,517,1.0
336,518,1.0
492,518,1.0
494,518,1.0
515,518,1.0
516,518,1.0
339,519,1.0
516,519,1.0
517,519,1.0
340,520,1.0
493,520,1.0
494,520,1.0
516,520,1.0
517,520,1.0
519,520,1.0
341,521,1.0
492,521,1.0
494,521,1.0
518,521,1.0
344,522,1.0
504,522,1.0
506,522,1.0
519,522,1.0
520,522,1.0
345,523,1.0
493,523,1.0
494,523,1.0
505,523,1.0
519,523,1.0
520,523,1.0
346,524,1.0
492,524,1.0
494,524,1.0
504,524,1.0
506,524,1.0
521,524,1.0
349,525,1.0
522,525,1.0
523,525,1.0
350,526,1.0
493,526,1.0
494,526,1.0
522,526,1.0
523,526,1.0
351,527,1.0
492,527,1.0
494,527,1.0
524,527,1.0
353,528,1.0
510,528,1.0
512,528,1.0
525,528,1.0
526,528,1.0
354,529,1.0
493,529,1.0
494,529,1.0
511,529,1.0
525,529,1.0
526,529,1.0
528,529,1.0
355,530,1.0
492,530,1.0
494,530,1.0
510,530,1.0
512,530,1.0
527,530,1.0
357,531,1.0
513,531,1.0
515,531,1.0
358,532,1.0
493,532,1.0
494,532,1.0
514,532,1.0
531,532,1.0
359,533,1.0
492,533,1.0
494,533,1.0
513,533,1.0
515,533,1.0
531,533,1.0
362,534,1.0
516,534,1.0
518,534,1.0
531,534,1.0
532,534,1.0
363,535,1.0
493,535,1.0
494,535,1.0
517,535,1.0
531,535,1.0
532,535,1.0
534,535,1.0
364,536,1.0
492,536,1.0
494,536,1.0
516,536,1.0
518,536,1.0
533,536,1.0
367,537,1.0
519,537,1.0
521,537,1.0
534,537,1.0
535,537,1.0
368,538,1.0
493,538,1.0
494,538,1.0
520,538,1.0
534,538,1.0
535,538,1.0
537,538,1.0
369,539,1.0
492,539,1.0
494,539,1.0
519,539,1.0
521,539,1.0
536,539,1.0
372,540,1.0
522,540,1.0
524,540,1.0
537,540,1.0
538,540,1.0
373,541,1.0
493,541,1.0
494,541,1.0
523,541,1.0
537,541,1.0
538,541,1.0
374,542,1.0
492,542,1.0
494,542,1.0
522,542,1.0
524,542,1.0
539,542,1.0
377,543,1.0
525,543,1.0
527,543,1.0
540,543,1.0
541,543,1.0
378,544,1.0
493,544,1.0
494,544,1.0
526,544,1.0
540,544,1.0
541,544,1.0
379,545,1.0
492,545,1.0
494,545,1.0
525,545,1.0
527,545,1.0
542,545,1.0
381,546,1.0
528,546,1.0
530,546,1.0
543,546,1.0
544,546,1.0
382,547,1.0
493,547,1.0
494,547,1.0
529,547,1.0
543,547,1.0
544,547,1.0
546,547,1.0
383,548,1.0
492,548,1.0
494,548,1.0
528,548,1.0
530,548,1.0
545,548,1.0
4,549,1.0
6,549,1.0
147,549,1.0
150,549,1.0
153,549,1.0
156,549,1.0
159,549,1.0
162,549,1.0
165,549,1.0
168,549,1.0
171,549,1.0
174,549,1.0
386,549,1.0
392,549,1.0
398,549,1.0
404,549,1.0
410,549,1.0
416,549,1.0
422,549,1.0
428,549,1.0
431,549,1.0
437,549,1.0
443,549,1.0
5,550,1.0
6,550,1.0
146,550,1.0
149,550,1.0
152,550,1.0
155,550,1.0
158,550,1.0
161,550,1.0
164,550,1.0
167,550,1.0
170,550,1.0
173,550,1.0
385,550,1.0
391,550,1.0
397,550,1.0
403,550,1.0
409,550,1.0
415,550,1.0
421,550,1.0
427,550,1.0
430,550,1.0
436,550,1.0
442,550,1.0
4,551,1.0
5,551,1.0
6,551,1.0
146,551,1.0
147,551,1.0
149,551,1.0
150,551,1.0
152,551,1.0
153,551,1.0
155,551,1.0
156,551,1.0
158,551,1.0
159,551,1.0
161,551,1.0
162,551,1.0
164,551,1.0
165,551,1.0
167,551,1.0
168,551,1.0
170,551,1.0
171,551,1.0
173,551,1.0
174,551,1.0
385,551,1.0
386,551,1.0
391,551,1.0
392,551,1.0
397,551,1.0
398,551,1.0
403,551,1.0
404,551,1.0
409,551,1.0
410,551,1.0
415,551,1.0
416,551,1.0
421,551,1.0
422,551,1.0
427,551,1.0
428,551,1.0
430,551,1.0
431,551,1.0
436,551,1.0
437,551,1.0
442,551,1.0
443,551,1.0
549,551,1.0
550,551,1.0
385,552,1.0
550,552,1.0
551,552,1.0
391,553,1.0
550,553,1.0
551,553,1.0
392,554,1.0
549,554,1.0
551,554,1.0
393,555,1.0
395,555,1.0
394,556,1.0
493,556,1.0
494,556,1.0
555,556,1.0
393,557,1.0
395,557,1.0
492,557,1.0
494,557,1.0
555,557,1.0
393,558,1.0
534,558,1.0
536,558,1.0
394,559,1.0
493,559,1.0
494,559,1.0
535,559,1.0
558,559,1.0
395,560,1.0
492,560,1.0
494,560,1.0
534,560,1.0
536,560,1.0
558,560,1.0
396,561,1.0
398,561,1.0
397,562,1.0
550,562,1.0
551,562,1.0
561,562,1.0
396,563,1.0
398,563,1.0
549,563,1.0
551,563,1.0
397,564,1.0
550,564,1.0
551,564,1.0
398,565,1.0
549,565,1.0
551,565,1.0
399,566,1.0
401,566,1.0
555,566,1.0
556,566,1.0
400,567,1.0
555,567,1.0
556,567,1.0
566,567,1.0
399,568,1.0
401,568,1.0
557,568,1.0
399,569,1.0
537,569,1.0
539,569,1.0
558,569,1.0
559,569,1.0
400,570,1.0
493,570,1.0
494,570,1.0
538,570,1.0
558,570,1.0
559,570,1.0
569,570,1.0
401,571,1.0
492,571,1.0
494,571,1.0
537,571,1.0
539,571,1.0
560,571,1.0
402,572,1.0
404,572,1.0
429,572,1.0
430,572,1.0
561,572,1.0
562,572,1.0
403,573,1.0
429,573,1.0
430,573,1.0
550,573,1.0
551,573,1.0
561,573,1.0
562,573,1.0
402,574,1.0
404,574,1.0
431,574,1.0
549,574,1.0
551,574,1.0
563,574,1.0
403,575,1.0
550,575,1.0
551,575,1.0
404,576,1.0
549,576,1.0
551,576,1.0
405,577,1.0
407,577,1.0
566,577,1.0
567,577,1.0
406,578,1.0
493,578,1.0
494,578,1.0
566,578,1.0
567,578,1.0
577,578,1.0
405,579,1.0
407,579,1.0
492,579,1.0
494,579,1.0
568,579,1.0
577,579,1.0
405,580,1.0
540,580,1.0
542,580,1.0
569,580,1.0
570,580,1.0
406,581,1.0
493,581,1.0
494,581,1.0
541,581,1.0
569,581,1.0
570,581,1.0
407,582,1.0
492,582,1.0
494,582,1.0
540,582,1.0
542,582,1.0
571,582,1.0
409,583,1.0
550,583,1.0
551,583,1.0
410,584,1.0
549,584,1.0
551,584,1.0
411,585,1.0
543,585,1.0
545,585,1.0
580,585,1.0
581,585,1.0
412,586,1.0
493,586,1.0
494,586,1.0
544,586,1.0
580,586,1.0
581,586,1.0
413,587,1.0
492,587,1.0
494,587,1.0
543,587,1.0
545,587,1.0
582,587,1.0
415,588,1.0
550,588,1.0
551,588,1.0
417,589,1.0
546,589,1.0
548,589,1.0
585,589,1.0
586,589,1.0
418,590,1.0
493,590,1.0
494,590,1.0
547,590,1.0
585,590,1.0
586,590,1.0
589,590,1.0
419,591,1.0
492,591,1.0
494,591,1.0
546,591,1.0
548,591,1.0
587,591,1.0
4,592,1.0
6,592,1.0
165,592,1.0
166,592,1.0
168,592,1.0
174,592,1.0
425,592,1.0
426,592,1.0
428,592,1.0
446,592,1.0
492,592,1.0
494,592,1.0
549,592,1.0
551,592,1.0
557,592,1.0
563,592,1.0
568,592,1.0
5,593,1.0
6,593,1.0
164,593,1.0
167,593,1.0
173,593,1.0
424,593,1.0
427,593,1.0
445,593,1.0
493,593,1.0
494,593,1.0
550,593,1.0
551,593,1.0
556,593,1.0
562,593,1.0
567,593,1.0
4,594,1.0
5,594,1.0
6,594,1.0
164,594,1.0
165,594,1.0
166,594,1.0
167,594,1.0
168,594,1.0
173,594,1.0
174,594,1.0
424,594,1.0
425,594,1.0
426,594,1.0
427,594,1.0
428,594,1.0
445,594,1.0
446,594,1.0
492,594,1.0
493,594,1.0
494,594,1.0
549,594,1.0
550,594,1.0
551,594,1.0
556,594,1.0
557,594,1.0
562,594,1.0
563,594,1.0
567,594,1.0
568,594,1.0
592,594,1.0
593,594,1.0
423,595,1.0
424,595,1.0
555,595,1.0
594,595,1.0
423,596,1.0
424,596,1.0
493,596,1.0
494,596,1.0
550,596,1.0
551,596,1.0
556,596,1.0
595,596,1.0
425,597,1.0
492,597,1.0
494,597,1.0
549,597,1.0
551,597,1.0
557,597,1.0
595,597,1.0
426,598,1.0
427,598,1.0
426,599,1.0
427,599,1.0
493,599,1.0
494,599,1.0
550,599,1.0
551,599,1.0
428,600,1.0
492,600,1.0
494,600,1.0
549,600,1.0
551,600,1.0
598,600,1.0
426,601,1.0
428,601,1.0
427,602,1.0
493,602,1.0
494,602,1.0
550,602,1.0
551,602,1.0
426,603,1.0
428,603,1.0
492,603,1.0
494,603,1.0
549,603,1.0
551,603,1.0
426,604,1.0
429,604,1.0
431,604,1.0
441,604,1.0
442,604,1.0
427,605,1.0
430,605,1.0
441,605,1.0
442,605,1.0
550,605,1.0
551,605,1.0
593,605,1.0
594,605,1.0
428,606,1.0
429,606,1.0
431,606,1.0
443,606,1.0
549,606,1.0
551,606,1.0
592,606,1.0
594,606,1.0
426,607,1.0
432,607,1.0
434,607,1.0
427,608,1.0
433,608,1.0
593,608,1.0
594,608,1.0
428,609,1.0
432,609,1.0
434,609,1.0
592,609,1.0
594,609,1.0
430,610,1.0
550,610,1.0
551,610,1.0
431,611,1.0
549,611,1.0
551,611,1.0
432,612,1.0
585,612,1.0
587,612,1.0
433,613,1.0
493,613,1.0
494,613,1.0
586,613,1.0
612,613,1.0
434,614,1.0
492,614,1.0
494,614,1.0
585,614,1.0
587,614,1.0
436,615,1.0
550,615,1.0
551,615,1.0
438,616,1.0
440,616,1.0
444,616,1.0
607,616,1.0
608,616,1.0
439,617,1.0
445,617,1.0
593,617,1.0
594,617,1.0
607,617,1.0
608,617,1.0
616,617,1.0
438,618,1.0
440,618,1.0
446,618,1.0
592,618,1.0
594,618,1.0
609,618,1.0
438,619,1.0
589,619,1.0
591,619,1.0
612,619,1.0
613,619,1.0
439,620,1.0
493,620,1.0
494,620,1.0
590,620,1.0
612,620,1.0
613,620,1.0
619,620,1.0
440,621,1.0
492,621,1.0
494,621,1.0
589,621,1.0
591,621,1.0
614,621,1.0
442,622,1.0
550,622,1.0
551,622,1.0
444,623,1.0
446,623,1.0
601,623,1.0
602,623,1.0
445,624,1.0
493,624,1.0
494,624,1.0
593,624,1.0
594,624,1.0
601,624,1.0
602,624,1.0
623,624,1.0
444,625,1.0
446,625,1.0
492,625,1.0
494,625,1.0
592,625,1.0
594,625,1.0
603,625,1.0
447,626,1.0
504,626,1.0
505,626,1.0
448,627,1.0
493,627,1.0
494,627,1.0
504,627,1.0
505,627,1.0
626,627,1.0
449,628,1.0
492,628,1.0
494,628,1.0
506,628,1.0
450,629,1.0
504,629,1.0
505,629,1.0
451,630,1.0
493,630,1.0
494,630,1.0
504,630,1.0
505,630,1.0
629,630,1.0
452,631,1.0
492,631,1.0
494,631,1.0
506,631,1.0
453,632,1.0
468,632,1.0
469,632,1.0
474,632,1.0
476,632,1.0
182,633,1.0
183,633,1.0
454,633,1.0
468,633,1.0
469,633,1.0
475,633,1.0
632,633,1.0
181,634,1.0
183,634,1.0
455,634,1.0
470,634,1.0
474,634,1.0
476,634,1.0
632,634,1.0
459,635,1.0
468,635,1.0
469,635,1.0
471,635,1.0
472,635,1.0
477,635,1.0
479,635,1.0
182,636,1.0
183,636,1.0
460,636,1.0
468,636,1.0
469,636,1.0
471,636,1.0
472,636,1.0
478,636,1.0
635,636,1.0
181,637,1.0
461,637,1.0
470,637,1.0
473,637,1.0
477,637,1.0
479,637,1.0
635,637,1.0
465,638,1.0
471,638,1.0
472,638,1.0
480,638,1.0
482,638,1.0
182,639,1.0
183,639,1.0
466,639,1.0
471,639,1.0
472,639,1.0
481,639,1.0
638,639,1.0
181,640,1.0
183,640,1.0
467,640,1.0
473,640,1.0
480,640,1.0
482,640,1.0
638,640,1.0
181,641,1.0
183,641,1.0
233,641,1.0
246,641,1.0
255,641,1.0
259,641,1.0
265,641,1.0
269,641,1.0
274,641,1.0
278,641,1.0
281,641,1.0
285,641,1.0
291,641,1.0
295,641,1.0
300,641,1.0
304,641,1.0
309,641,1.0
314,641,1.0
321,641,1.0
327,641,1.0
331,641,1.0
336,641,1.0
341,641,1.0
346,641,1.0
351,641,1.0
355,641,1.0
359,641,1.0
364,641,1.0
369,641,1.0
374,641,1.0
379,641,1.0
383,641,1.0
395,641,1.0
401,641,1.0
407,641,1.0
413,641,1.0
419,641,1.0
434,641,1.0
440,641,1.0
449,641,1.0
452,641,1.0
455,641,1.0
461,641,1.0
467,641,1.0
470,641,1.0
473,641,1.0
476,641,1.0
479,641,1.0
482,641,1.0
485,641,1.0
488,641,1.0
491,641,1.0
492,641,1.0
494,641,1.0
497,641,1.0
506,641,1.0
512,641,1.0
515,641,1.0
530,641,1.0
533,641,1.0
548,641,1.0
560,641,1.0
568,641,1.0
579,641,1.0
609,641,1.0
618,641,1.0
634,641,1.0
637,641,1.0
640,641,1.0
182,642,1.0
183,642,1.0
232,642,1.0
245,642,1.0
256,642,1.0
258,642,1.0
266,642,1.0
268,642,1.0
275,642,1.0
277,642,1.0
282,642,1.0
284,642,1.0
292,642,1.0
294,642,1.0
301,642,1.0
303,642,1.0
308,642,1.0
313,642,1.0
320,642,1.0
326,642,1.0
330,642,1.0
335,642,1.0
340,642,1.0
345,642,1.0
350,642,1.0
354,642,1.0
358,642,1.0
363,642,1.0
368,642,1.0
373,642,1.0
378,642,1.0
382,642,1.0
394,642,1.0
400,642,1.0
406,642,1.0
412,642,1.0
418,642,1.0
433,642,1.0
439,642,1.0
448,642,1.0
451,642,1.0
454,642,1.0
460,642,1.0
466,642,1.0
469,642,1.0
472,642,1.0
493,642,1.0
494,642,1.0
496,642,1.0
502,642,1.0
505,642,1.0
511,642,1.0
514,642,1.0
529,642,1.0
532,642,1.0
547,642,1.0
559,642,1.0
567,642,1.0
578,642,1.0
608,642,1.0
617,642,1.0
627,642,1.0
630,642,1.0
633,642,1.0
636,642,1.0
639,642,1.0
181,643,1.0
182,643,1.0
183,643,1.0
232,643,1.0
233,643,1.0
245,643,1.0
246,643,1.0
255,643,1.0
256,643,1.0
258,643,1.0
259,643,1.0
260,643,1.0
265,643,1.0
266,643,1.0
268,643,1.0
269,643,1.0
270,643,1.0
274,643,1.0
275,643,1.0
277,643,1.0
278,643,1.0
279,643,1.0
281,643,1.0
282,643,1.0
284,643,1.0
285,643,1.0
286,643,1.0
291,643,1.0
292,643,1.0
294,643,1.0
295,643,1.0
296,643,1.0
300,643,1.0
301,643,1.0
303,643,1.0
304,643,1.0
305,643,1.0
308,643,1.0
309,643,1.0
313,643,1.0
314,643,1.0
320,643,1.0
321,643,1.0
326,643,1.0
327,643,1.0
330,643,1.0
331,643,1.0
335,643,1.0
336,643,1.0
340,643,1.0
341,643,1.0
345,643,1.0
346,643,1.0
350,643,1.0
351,643,1.0
354,643,1.0
355,643,1.0
358,643,1.0
359,643,1.0
363,643,1.0
364,643,1.0
368,643,1.0
369,643,1.0
373,643,1.0
374,643,1.0
378,643,1.0
379,643,1.0
382,643,1.0
383,643,1.0
394,643,1.0
395,643,1.0
400,643,1.0
401,643,1.0
406,643,1.0
407,643,1.0
412,643,1.0
413,643,1.0
418,643,1.0
419,643,1.0
433,643,1.0
434,643,1.0
439,643,1.0
440,643,1.0
448,643,1.0
449,643,1.0
451,643,1.0
452,643,1.0
454,643,1.0
455,643,1.0
460,643,1.0
461,643,1.0
466,643,1.0
467,643,1.0
469,643,1.0
470,643,1.0
472,643,1.0
473,643,1.0
476,643,1.0
479,643,1.0
482,643,1.0
485,643,1.0
488,643,1.0
491,643,1.0
492,643,1.0
493,643,1.0
494,643,1.0
496,643,1.0
497,643,1.0
502,643,1.0
505,643,1.0
506,643,1.0
511,643,1.0
512,643,1.0
514,643,1.0
515,643,1.0
529,643,1.0
530,643,1.0
532,643,1.0
533,643,1.0
547,643,1.0
548,643,1.0
559,643,1.0
560,643,1.0
567,643,1.0
568,643,1.0
578,643,1.0
579,643,1.0
608,643,1.0
609,643,1.0
617,643,1.0
618,643,1.0
627,643,1.0
630,643,1.0
633,643,1.0
634,643,1.0
636,643,1.0
637,643,1.0
639,643,1.0
640,643,1.0
641,643,1.0
642,643,1.0
468,644,1.0
469,645,1.0
642,645,1.0
643,645,1.0
644,645,1.0
470,646,1.0
641,646,1.0
643,646,1.0
471,647,1.0
472,648,1.0
642,648,1.0
643,648,1.0
647,648,1.0
473,649,1.0
641,649,1.0
643,649,1.0
474,650,1.0
475,651,1.0
642,651,1.0
643,651,1.0
476,652,1.0
641,652,1.0
643,652,1.0
477,653,1.0
478,654,1.0
642,654,1.0
643,654,1.0
479,655,1.0
641,655,1.0
643,655,1.0
480,656,1.0
481,657,1.0
642,657,1.0
643,657,1.0
482,658,1.0
641,658,1.0
643,658,1.0
483,659,1.0
650,659,1.0
652,659,1.0
484,660,1.0
642,660,1.0
643,660,1.0
651,660,1.0
485,661,1.0
641,661,1.0
643,661,1.0
650,661,1.0
652,661,1.0
659,661,1.0
486,662,1.0
653,662,1.0
655,662,1.0
487,663,1.0
642,663,1.0
643,663,1.0
654,663,1.0
488,664,1.0
641,664,1.0
643,664,1.0
653,664,1.0
655,664,1.0
489,665,1.0
656,665,1.0
658,665,1.0
490,666,1.0
642,666,1.0
643,666,1.0
657,666,1.0
491,667,1.0
641,667,1.0
643,667,1.0
656,667,1.0
658,667,1.0
566,668,1.0
568,668,1.0
567,669,1.0
593,669,1.0
594,669,1.0
642,669,1.0
643,669,1.0
668,669,1.0
566,670,1.0
568,670,1.0
592,670,1.0
594,670,1.0
641,670,1.0
643,670,1.0
598,671,1.0
607,671,1.0
608,671,1.0
668,671,1.0
669,671,1.0
593,672,1.0
594,672,1.0
599,672,1.0
607,672,1.0
608,672,1.0
642,672,1.0
643,672,1.0
668,672,1.0
669,672,1.0
592,673,1.0
594,673,1.0
600,673,1.0
609,673,1.0
641,673,1.0
643,673,1.0
670,673,1.0
671,673,1.0
668,674,1.0
670,674,1.0
493,675,1.0
494,675,1.0
593,675,1.0
594,675,1.0
669,675,1.0
674,675,1.0
492,676,1.0
494,676,1.0
592,676,1.0
594,676,1.0
668,676,1.0
670,676,1.0
674,676,1.0
494,677,1.0
674,677,1.0
675,677,1.0
593,678,1.0
594,678,1.0
642,678,1.0
643,678,1.0
674,678,1.0
675,678,1.0
493,679,1.0
592,679,1.0
594,679,1.0
641,679,1.0
643,679,1.0
676,679,1.0
677,679,1.0
671,680,1.0
673,680,1.0
677,680,1.0
678,680,1.0
593,681,1.0
594,681,1.0
642,681,1.0
643,681,1.0
672,681,1.0
677,681,1.0
678,681,1.0
680,681,1.0
592,682,1.0
594,682,1.0
641,682,1.0
643,682,1.0
671,682,1.0
673,682,1.0
679,682,1.0
601,683,1.0
607,683,1.0
609,683,1.0
680,683,1.0
681,683,1.0
593,684,1.0
594,684,1.0
602,684,1.0
608,684,1.0
642,684,1.0
643,684,1.0
680,684,1.0
681,684,1.0
592,685,1.0
594,685,1.0
603,685,1.0
607,685,1.0
609,685,1.0
641,685,1.0
643,685,1.0
682,685,1.0
616,686,1.0
618,686,1.0
623,686,1.0
683,686,1.0
684,686,1.0
593,687,1.0
594,687,1.0
617,687,1.0
624,687,1.0
642,687,1.0
643,687,1.0
683,687,1.0
684,687,1.0
686,687,1.0
592,688,1.0
594,688,1.0
616,688,1.0
618,688,1.0
625,688,1.0
641,688,1.0
643,688,1.0
685,688,1.0
677,689,1.0
679,689,1.0
593,690,1.0
594,690,1.0
642,690,1.0
643,690,1.0
678,690,1.0
689,690,1.0
493,691,1.0
592,691,1.0
594,691,1.0
641,691,1.0
643,691,1.0
677,691,1.0
679,691,1.0
680,692,1.0
682,692,1.0
689,692,1.0
690,692,1.0
593,693,1.0
594,693,1.0
642,693,1.0
643,693,1.0
681,693,1.0
689,693,1.0
690,693,1.0
692,693,1.0
592,694,1.0
594,694,1.0
641,694,1.0
643,694,1.0
680,694,1.0
682,694,1.0
691,694,1.0
683,695,1.0
685,695,1.0
692,695,1.0
693,695,1.0
593,696,1.0
594,696,1.0
642,696,1.0
643,696,1.0
684,696,1.0
692,696,1.0
693,696,1.0
592,697,1.0
594,697,1.0
641,697,1.0
643,697,1.0
683,697,1.0
685,697,1.0
694,697,1.0
686,698,1.0
688,698,1.0
695,698,1.0
696,698,1.0
593,699,1.0
594,699,1.0
642,699,1.0
643,699,1.0
687,699,1.0
695,699,1.0
696,699,1.0
698,699,1.0
592,700,1.0
594,700,1.0
641,700,1.0
643,700,1.0
686,700,1.0
688,700,1.0
697,700,1.0
692,701,1.0
694,701,1.0
593,702,1.0
594,702,1.0
642,702,1.0
643,702,1.0
693,702,1.0
701,702,1.0
592,703,1.0
594,703,1.0
641,703,1.0
643,703,1.0
692,703,1.0
694,703,1.0
701,703,1.0
695,704,1.0
697,704,1.0
701,704,1.0
702,704,1.0
593,705,1.0
594,705,1.0
642,705,1.0
643,705,1.0
696,705,1.0
701,705,1.0
702,705,1.0
592,706,1.0
594,706,1.0
641,706,1.0
643,706,1.0
695,706,1.0
697,706,1.0
703,706,1.0
704,706,1.0
698,707,1.0
700,707,1.0
704,707,1.0
705,707,1.0
493,708,1.0
494,708,1.0
593,708,1.0
594,708,1.0
642,708,1.0
643,708,1.0
699,708,1.0
704,708,1.0
705,708,1.0
707,708,1.0
492,709,1.0
494,709,1.0
592,709,1.0
594,709,1.0
641,709,1.0
643,709,1.0
698,709,1.0
700,709,1.0
706,709,1.0
707,709,1.0
494,710,1.0
689,710,1.0
691,710,1.0
701,710,1.0
702,710,1.0
493,711,1.0
494,711,1.0
593,711,1.0
594,711,1.0
690,711,1.0
701,711,1.0
702,711,1.0
710,711,1.0
492,712,1.0
494,712,1.0
592,712,1.0
594,712,1.0
689,712,1.0
691,712,1.0
703,712,1.0
710,712,1.0
501,713,1.0
502,713,1.0
519,713,1.0
521,713,1.0
626,713,1.0
627,713,1.0
501,714,1.0
502,714,1.0
520,714,1.0
626,714,1.0
627,714,1.0
713,714,1.0
503,715,1.0
519,715,1.0
521,715,1.0
628,715,1.0
713,715,1.0
501,716,1.0
502,717,1.0
642,717,1.0
643,717,1.0
716,717,1.0
503,718,1.0
641,718,1.0
643,718,1.0
716,718,1.0
504,719,1.0
662,719,1.0
664,719,1.0
505,720,1.0
642,720,1.0
643,720,1.0
663,720,1.0
719,720,1.0
506,721,1.0
641,721,1.0
643,721,1.0
662,721,1.0
664,721,1.0
510,722,1.0
511,722,1.0
525,722,1.0
527,722,1.0
629,722,1.0
630,722,1.0
510,723,1.0
511,723,1.0
526,723,1.0
629,723,1.0
630,723,1.0
722,723,1.0
512,724,1.0
525,724,1.0
527,724,1.0
631,724,1.0
722,724,1.0
510,725,1.0
665,725,1.0
667,725,1.0
511,726,1.0
642,726,1.0
643,726,1.0
666,726,1.0
725,726,1.0
512,727,1.0
641,727,1.0
643,727,1.0
665,727,1.0
667,727,1.0
516,728,1.0
716,728,1.0
718,728,1.0
517,729,1.0
642,729,1.0
643,729,1.0
717,729,1.0
728,729,1.0
518,730,1.0
641,730,1.0
643,730,1.0
716,730,1.0
718,730,1.0
519,731,1.0
728,731,1.0
729,731,1.0
520,732,1.0
642,732,1.0
643,732,1.0
728,732,1.0
729,732,1.0
731,732,1.0
521,733,1.0
641,733,1.0
643,733,1.0
730,733,1.0
522,734,1.0
719,734,1.0
721,734,1.0
731,734,1.0
732,734,1.0
523,735,1.0
642,735,1.0
643,735,1.0
720,735,1.0
731,735,1.0
732,735,1.0
524,736,1.0
641,736,1.0
643,736,1.0
719,736,1.0
721,736,1.0
733,736,1.0
525,737,1.0
734,737,1.0
735,737,1.0
526,738,1.0
642,738,1.0
643,738,1.0
734,738,1.0
735,738,1.0
527,739,1.0
641,739,1.0
643,739,1.0
736,739,1.0
528,740,1.0
725,740,1.0
727,740,1.0
737,740,1.0
738,740,1.0
529,741,1.0
642,741,1.0
643,741,1.0
726,741,1.0
737,741,1.0
738,741,1.0
740,741,1.0
530,742,1.0
641,742,1.0
643,742,1.0
725,742,1.0
727,742,1.0
739,742,1.0
534,743,1.0
728,743,1.0
730,743,1.0
535,744,1.0
642,744,1.0
643,744,1.0
729,744,1.0
743,744,1.0
536,745,1.0
641,745,1.0
643,745,1.0
728,745,1.0
730,745,1.0
743,745,1.0
537,746,1.0
731,746,1.0
733,746,1.0
743,746,1.0
744,746,1.0
538,747,1.0
642,747,1.0
643,747,1.0
732,747,1.0
743,747,1.0
744,747,1.0
746,747,1.0
539,748,1.0
641,748,1.0
643,748,1.0
731,748,1.0
733,748,1.0
745,748,1.0
540,749,1.0
734,749,1.0
736,749,1.0
746,749,1.0
747,749,1.0
541,750,1.0
642,750,1.0
643,750,1.0
735,750,1.0
746,750,1.0
747,750,1.0
542,751,1.0
641,751,1.0
643,751,1.0
734,751,1.0
736,751,1.0
748,751,1.0
543,752,1.0
737,752,1.0
739,752,1.0
749,752,1.0
750,752,1.0
544,753,1.0
642,753,1.0
643,753,1.0
738,753,1.0
749,753,1.0
750,753,1.0
545,754,1.0
641,754,1.0
643,754,1.0
737,754,1.0
739,754,1.0
751,754,1.0
546,755,1.0
740,755,1.0
742,755,1.0
752,755,1.0
753,755,1.0
547,756,1.0
642,756,1.0
643,756,1.0
741,756,1.0
752,756,1.0
753,756,1.0
755,756,1.0
548,757,1.0
641,757,1.0
643,757,1.0
740,757,1.0
742,757,1.0
754,757,1.0
561,758,1.0
562,758,1.0
595,758,1.0
550,759,1.0
551,759,1.0
561,759,1.0
562,759,1.0
593,759,1.0
594,759,1.0
596,759,1.0
758,759,1.0
549,760,1.0
551,760,1.0
563,760,1.0
592,760,1.0
594,760,1.0
597,760,1.0
550,762,1.0
551,762,1.0
593,762,1.0
594,762,1.0
761,762,1.0
549,763,1.0
551,763,1.0
592,763,1.0
594,763,1.0
761,764,1.0
762,764,1.0
550,765,1.0
551,765,1.0
761,765,1.0
762,765,1.0
549,766,1.0
551,766,1.0
763,766,1.0
561,767,1.0
563,767,1.0
764,767,1.0
765,767,1.0
550,768,1.0
551,768,1.0
562,768,1.0
593,768,1.0
594,768,1.0
764,768,1.0
765,768,1.0
767,768,1.0
549,769,1.0
551,769,1.0
561,769,1.0
563,769,1.0
592,769,1.0
594,769,1.0
766,769,1.0
572,770,1.0
574,770,1.0
598,770,1.0
604,770,1.0
605,770,1.0
767,770,1.0
768,770,1.0
550,771,1.0
551,771,1.0
573,771,1.0
593,771,1.0
594,771,1.0
599,771,1.0
604,771,1.0
605,771,1.0
767,771,1.0
768,771,1.0
549,772,1.0
551,772,1.0
572,772,1.0
574,772,1.0
592,772,1.0
594,772,1.0
600,772,1.0
606,772,1.0
769,772,1.0
550,774,1.0
551,774,1.0
549,775,1.0
551,775,1.0
767,776,1.0
769,776,1.0
550,777,1.0
551,777,1.0
593,777,1.0
594,777,1.0
768,777,1.0
776,777,1.0
549,778,1.0
551,778,1.0
592,778,1.0
594,778,1.0
767,778,1.0
769,778,1.0
776,778,1.0
776,779,1.0
777,779,1.0
550,780,1.0
551,780,1.0
593,780,1.0
594,780,1.0
776,780,1.0
777,780,1.0
549,781,1.0
551,781,1.0
592,781,1.0
594,781,1.0
778,781,1.0
779,781,1.0
770,782,1.0
772,782,1.0
779,782,1.0
780,782,1.0
550,783,1.0
551,783,1.0
593,783,1.0
594,783,1.0
771,783,1.0
779,783,1.0
780,783,1.0
782,783,1.0
549,784,1.0
551,784,1.0
592,784,1.0
594,784,1.0
770,784,1.0
772,784,1.0
781,784,1.0
601,785,1.0
604,785,1.0
606,785,1.0
782,785,1.0
783,785,1.0
550,786,1.0
551,786,1.0
593,786,1.0
594,786,1.0
602,786,1.0
605,786,1.0
782,786,1.0
783,786,1.0
785,786,1.0
549,787,1.0
551,787,1.0
592,787,1.0
594,787,1.0
603,787,1.0
604,787,1.0
606,787,1.0
784,787,1.0
785,787,1.0
550,789,1.0
551,789,1.0
593,789,1.0
594,789,1.0
788,789,1.0
549,790,1.0
551,790,1.0
592,790,1.0
594,790,1.0
788,791,1.0
789,791,1.0
550,792,1.0
551,792,1.0
788,792,1.0
789,792,1.0
549,793,1.0
551,793,1.0
790,793,1.0
779,794,1.0
781,794,1.0
791,794,1.0
792,794,1.0
550,795,1.0
551,795,1.0
593,795,1.0
594,795,1.0
780,795,1.0
791,795,1.0
792,795,1.0
794,795,1.0
549,796,1.0
551,796,1.0
592,796,1.0
594,796,1.0
779,796,1.0
781,796,1.0
793,796,1.0
782,797,1.0
784,797,1.0
794,797,1.0
795,797,1.0
550,798,1.0
551,798,1.0
593,798,1.0
594,798,1.0
783,798,1.0
794,798,1.0
795,798,1.0
797,798,1.0
549,799,1.0
551,799,1.0
592,799,1.0
594,799,1.0
782,799,1.0
784,799,1.0
796,799,1.0
797,800,1.0
798,800,1.0
550,801,1.0
551,801,1.0
593,801,1.0
594,801,1.0
797,801,1.0
798,801,1.0
800,801,1.0
549,802,1.0
551,802,1.0
592,802,1.0
594,802,1.0
799,802,1.0
550,804,1.0
551,804,1.0
549,805,1.0
551,805,1.0
794,806,1.0
796,806,1.0
550,807,1.0
551,807,1.0
593,807,1.0
594,807,1.0
795,807,1.0
549,808,1.0
551,808,1.0
592,808,1.0
594,808,1.0
794,808,1.0
796,808,1.0
806,808,1.0
797,809,1.0
799,809,1.0
550,810,1.0
551,810,1.0
593,810,1.0
594,810,1.0
798,810,1.0
549,811,1.0
551,811,1.0
592,811,1.0
594,811,1.0
797,811,1.0
799,811,1.0
809,811,1.0
550,813,1.0
551,813,1.0
549,814,1.0
551,814,1.0
550,816,1.0
551,816,1.0
593,816,1.0
594,816,1.0
549,817,1.0
551,817,1.0
592,817,1.0
594,817,1.0
550,818,1.0
551,818,1.0
562,818,1.0
549,819,1.0
551,819,1.0
563,819,1.0
561,820,1.0
566,820,1.0
595,820,1.0
596,820,1.0
493,821,1.0
494,821,1.0
550,821,1.0
551,821,1.0
562,821,1.0
567,821,1.0
595,821,1.0
596,821,1.0
820,821,1.0
492,822,1.0
494,822,1.0
549,822,1.0
551,822,1.0
563,822,1.0
568,822,1.0
597,822,1.0
820,822,1.0
566,823,1.0
569,823,1.0
571,823,1.0
493,824,1.0
494,824,1.0
567,824,1.0
570,824,1.0
823,824,1.0
492,825,1.0
494,825,1.0
568,825,1.0
569,825,1.0
571,825,1.0
569,826,1.0
746,826,1.0
748,826,1.0
570,827,1.0
642,827,1.0
643,827,1.0
747,827,1.0
826,827,1.0
571,828,1.0
641,828,1.0
643,828,1.0
746,828,1.0
748,828,1.0
550,829,1.0
551,829,1.0
573,829,1.0
549,830,1.0
551,830,1.0
574,830,1.0
492,831,1.0
494,831,1.0
549,831,1.0
551,831,1.0
574,831,1.0
579,831,1.0
493,832,1.0
494,832,1.0
550,832,1.0
551,832,1.0
573,832,1.0
578,832,1.0
572,833,1.0
577,833,1.0
493,834,1.0
494,834,1.0
550,834,1.0
551,834,1.0
573,834,1.0
578,834,1.0
832,834,1.0
492,835,1.0
494,835,1.0
549,835,1.0
551,835,1.0
574,835,1.0
579,835,1.0
831,835,1.0
494,836,1.0
551,836,1.0
577,837,1.0
580,837,1.0
582,837,1.0
823,837,1.0
824,837,1.0
493,838,1.0
494,838,1.0
578,838,1.0
581,838,1.0
823,838,1.0
824,838,1.0
837,838,1.0
492,839,1.0
494,839,1.0
579,839,1.0
580,839,1.0
582,839,1.0
825,839,1.0
837,839,1.0
580,840,1.0
749,840,1.0
751,840,1.0
826,840,1.0
827,840,1.0
581,841,1.0
642,841,1.0
643,841,1.0
750,841,1.0
826,841,1.0
827,841,1.0
582,842,1.0
641,842,1.0
643,842,1.0
749,842,1.0
751,842,1.0
828,842,1.0
585,843,1.0
752,843,1.0
754,843,1.0
840,843,1.0
841,843,1.0
586,844,1.0
642,844,1.0
643,844,1.0
753,844,1.0
840,844,1.0
841,844,1.0
587,845,1.0
641,845,1.0
643,845,1.0
752,845,1.0
754,845,1.0
842,845,1.0
589,846,1.0
755,846,1.0
757,846,1.0
843,846,1.0
844,846,1.0
590,847,1.0
642,847,1.0
643,847,1.0
756,847,1.0
843,847,1.0
844,847,1.0
846,847,1.0
591,848,1.0
641,848,1.0
643,848,1.0
755,848,1.0
757,848,1.0
845,848,1.0
594,849,1.0
595,849,1.0
597,849,1.0
761,849,1.0
550,850,1.0
551,850,1.0
593,850,1.0
594,850,1.0
596,850,1.0
762,850,1.0
849,850,1.0
549,851,1.0
551,851,1.0
592,851,1.0
594,851,1.0
595,851,1.0
597,851,1.0
763,851,1.0
849,851,1.0
598,852,1.0
599,852,1.0
668,852,1.0
767,852,1.0
820,852,1.0
822,852,1.0
849,852,1.0
850,852,1.0
493,853,1.0
494,853,1.0
550,853,1.0
551,853,1.0
598,853,1.0
599,853,1.0
669,853,1.0
768,853,1.0
821,853,1.0
849,853,1.0
850,853,1.0
852,853,1.0
492,854,1.0
494,854,1.0
549,854,1.0
551,854,1.0
600,854,1.0
670,854,1.0
769,854,1.0
820,854,1.0
822,854,1.0
851,854,1.0
674,855,1.0
776,855,1.0
852,855,1.0
854,855,1.0
493,856,1.0
494,856,1.0
550,856,1.0
551,856,1.0
675,856,1.0
777,856,1.0
853,856,1.0
855,856,1.0
492,857,1.0
494,857,1.0
549,857,1.0
551,857,1.0
676,857,1.0
778,857,1.0
852,857,1.0
854,857,1.0
677,858,1.0
779,858,1.0
855,858,1.0
856,858,1.0
493,859,1.0
494,859,1.0
550,859,1.0
551,859,1.0
678,859,1.0
780,859,1.0
855,859,1.0
856,859,1.0
492,860,1.0
494,860,1.0
549,860,1.0
551,860,1.0
679,860,1.0
781,860,1.0
857,860,1.0
858,860,1.0
598,861,1.0
600,861,1.0
601,861,1.0
602,861,1.0
680,861,1.0
782,861,1.0
858,861,1.0
859,861,1.0
493,862,1.0
494,862,1.0
550,862,1.0
551,862,1.0
599,862,1.0
601,862,1.0
602,862,1.0
681,862,1.0
783,862,1.0
858,862,1.0
859,862,1.0
861,862,1.0
492,863,1.0
494,863,1.0
549,863,1.0
551,863,1.0
598,863,1.0
600,863,1.0
603,863,1.0
682,863,1.0
784,863,1.0
860,863,1.0
788,864,1.0
855,864,1.0
857,864,1.0
550,865,1.0
551,865,1.0
593,865,1.0
594,865,1.0
789,865,1.0
856,865,1.0
864,865,1.0
549,866,1.0
551,866,1.0
592,866,1.0
594,866,1.0
790,866,1.0
855,866,1.0
857,866,1.0
864,866,1.0
689,867,1.0
794,867,1.0
858,867,1.0
860,867,1.0
864,867,1.0
865,867,1.0
493,868,1.0
494,868,1.0
550,868,1.0
551,868,1.0
690,868,1.0
795,868,1.0
859,868,1.0
864,868,1.0
865,868,1.0
492,869,1.0
494,869,1.0
549,869,1.0
551,869,1.0
691,869,1.0
796,869,1.0
858,869,1.0
860,869,1.0
866,869,1.0
692,870,1.0
797,870,1.0
861,870,1.0
863,870,1.0
867,870,1.0
868,870,1.0
493,871,1.0
494,871,1.0
550,871,1.0
551,871,1.0
693,871,1.0
798,871,1.0
862,871,1.0
867,871,1.0
868,871,1.0
870,871,1.0
492,872,1.0
494,872,1.0
549,872,1.0
551,872,1.0
694,872,1.0
799,872,1.0
861,872,1.0
863,872,1.0
869,872,1.0
601,873,1.0
603,873,1.0
695,873,1.0
800,873,1.0
870,873,1.0
871,873,1.0
493,874,1.0
494,874,1.0
550,874,1.0
551,874,1.0
602,874,1.0
696,874,1.0
801,874,1.0
870,874,1.0
871,874,1.0
492,875,1.0
494,875,1.0
549,875,1.0
551,875,1.0
601,875,1.0
603,875,1.0
697,875,1.0
802,875,1.0
872,875,1.0
623,876,1.0
625,876,1.0
698,876,1.0
873,876,1.0
874,876,1.0
493,877,1.0
494,877,1.0
593,877,1.0
594,877,1.0
624,877,1.0
699,877,1.0
873,877,1.0
874,877,1.0
876,877,1.0
492,878,1.0
494,878,1.0
592,878,1.0
594,878,1.0
623,878,1.0
625,878,1.0
700,878,1.0
875,878,1.0
710,879,1.0
806,879,1.0
867,879,1.0
869,879,1.0
493,880,1.0
494,880,1.0
550,880,1.0
551,880,1.0
711,880,1.0
807,880,1.0
868,880,1.0
879,880,1.0
492,881,1.0
494,881,1.0
549,881,1.0
551,881,1.0
712,881,1.0
808,881,1.0
867,881,1.0
869,881,1.0
879,881,1.0
701,882,1.0
809,882,1.0
870,882,1.0
872,882,1.0
879,882,1.0
880,882,1.0
493,883,1.0
494,883,1.0
550,883,1.0
551,883,1.0
702,883,1.0
810,883,1.0
871,883,1.0
879,883,1.0
880,883,1.0
882,883,1.0
492,884,1.0
494,884,1.0
549,884,1.0
551,884,1.0
703,884,1.0
811,884,1.0
870,884,1.0
872,884,1.0
881,884,1.0
882,884,1.0
704,885,1.0
873,885,1.0
875,885,1.0
493,886,1.0
494,886,1.0
593,886,1.0
594,886,1.0
705,886,1.0
874,886,1.0
885,886,1.0
492,887,1.0
494,887,1.0
592,887,1.0
594,887,1.0
706,887,1.0
873,887,1.0
875,887,1.0
885,887,1.0
707,888,1.0
876,888,1.0
878,888,1.0
885,888,1.0
886,888,1.0
493,889,1.0
494,889,1.0
593,889,1.0
594,889,1.0
708,889,1.0
877,889,1.0
885,889,1.0
886,889,1.0
888,889,1.0
492,890,1.0
494,890,1.0
592,890,1.0
594,890,1.0
709,890,1.0
876,890,1.0
878,890,1.0
887,890,1.0
888,890,1.0
815,891,1.0
882,891,1.0
883,891,1.0
885,891,1.0
886,891,1.0
550,892,1.0
551,892,1.0
593,892,1.0
594,892,1.0
816,892,1.0
882,892,1.0
883,892,1.0
885,892,1.0
886,892,1.0
891,892,1.0
549,893,1.0
551,893,1.0
592,893,1.0
594,893,1.0
817,893,1.0
884,893,1.0
887,893,1.0
550,894,1.0
551,894,1.0
605,894,1.0
549,895,1.0
551,895,1.0
606,895,1.0
607,896,1.0
612,896,1.0
614,896,1.0
493,897,1.0
494,897,1.0
608,897,1.0
613,897,1.0
492,898,1.0
494,898,1.0
609,898,1.0
612,898,1.0
614,898,1.0
612,899,1.0
843,899,1.0
845,899,1.0
613,900,1.0
642,900,1.0
643,900,1.0
844,900,1.0
614,901,1.0
641,901,1.0
643,901,1.0
843,901,1.0
845,901,1.0
616,902,1.0
619,902,1.0
621,902,1.0
896,902,1.0
897,902,1.0
493,903,1.0
494,903,1.0
617,903,1.0
620,903,1.0
896,903,1.0
897,903,1.0
902,903,1.0
492,904,1.0
494,904,1.0
618,904,1.0
619,904,1.0
621,904,1.0
898,904,1.0
619,905,1.0
846,905,1.0
848,905,1.0
899,905,1.0
900,905,1.0
620,906,1.0
642,906,1.0
643,906,1.0
847,906,1.0
899,906,1.0
900,906,1.0
905,906,1.0
621,907,1.0
641,907,1.0
643,907,1.0
846,907,1.0
848,907,1.0
901,907,1.0
592,908,1.0
594,908,1.0
625,908,1.0
593,909,1.0
594,909,1.0
624,909,1.0
623,910,1.0
593,911,1.0
594,911,1.0
624,911,1.0
909,911,1.0
592,912,1.0
594,912,1.0
625,912,1.0
908,912,1.0
594,913,1.0
626,914,1.0
719,914,1.0
720,914,1.0
627,915,1.0
642,915,1.0
643,915,1.0
719,915,1.0
720,915,1.0
914,915,1.0
628,916,1.0
641,916,1.0
643,916,1.0
721,916,1.0
629,917,1.0
719,917,1.0
720,917,1.0
630,918,1.0
642,918,1.0
643,918,1.0
719,918,1.0
720,918,1.0
917,918,1.0
631,919,1.0
641,919,1.0
643,919,1.0
721,919,1.0
632,920,1.0
644,920,1.0
645,920,1.0
650,920,1.0
652,920,1.0
633,921,1.0
642,921,1.0
643,921,1.0
644,921,1.0
645,921,1.0
651,921,1.0
920,921,1.0
634,922,1.0
641,922,1.0
643,922,1.0
646,922,1.0
650,922,1.0
652,922,1.0
920,922,1.0
635,923,1.0
644,923,1.0
645,923,1.0
647,923,1.0
648,923,1.0
653,923,1.0
655,923,1.0
636,924,1.0
642,924,1.0
643,924,1.0
644,924,1.0
645,924,1.0
647,924,1.0
648,924,1.0
654,924,1.0
923,924,1.0
637,925,1.0
641,925,1.0
643,925,1.0
646,925,1.0
649,925,1.0
653,925,1.0
655,925,1.0
923,925,1.0
638,926,1.0
647,926,1.0
648,926,1.0
656,926,1.0
658,926,1.0
639,927,1.0
642,927,1.0
643,927,1.0
647,927,1.0
648,927,1.0
657,927,1.0
926,927,1.0
640,928,1.0
641,928,1.0
643,928,1.0
649,928,1.0
656,928,1.0
658,928,1.0
926,928,1.0
668,929,1.0
823,929,1.0
825,929,1.0
493,930,1.0
494,930,1.0
669,930,1.0
824,930,1.0
929,930,1.0
492,931,1.0
494,931,1.0
670,931,1.0
823,931,1.0
825,931,1.0
929,931,1.0
671,932,1.0
896,932,1.0
897,932,1.0
929,932,1.0
930,932,1.0
493,933,1.0
494,933,1.0
672,933,1.0
896,933,1.0
897,933,1.0
929,933,1.0
930,933,1.0
492,934,1.0
494,934,1.0
673,934,1.0
898,934,1.0
931,934,1.0
932,934,1.0
677,935,1.0
493,936,1.0
494,936,1.0
678,936,1.0
935,936,1.0
492,937,1.0
494,937,1.0
679,937,1.0
935,937,1.0
680,938,1.0
932,938,1.0
934,938,1.0
935,938,1.0
936,938,1.0
493,939,1.0
494,939,1.0
681,939,1.0
933,939,1.0
935,939,1.0
936,939,1.0
938,939,1.0
492,940,1.0
494,940,1.0
682,940,1.0
932,940,1.0
934,940,1.0
937,940,1.0
683,941,1.0
896,941,1.0
898,941,1.0
938,941,1.0
939,941,1.0
493,942,1.0
494,942,1.0
684,942,1.0
897,942,1.0
938,942,1.0
939,942,1.0
492,943,1.0
494,943,1.0
685,943,1.0
896,943,1.0
898,943,1.0
940,943,1.0
686,944,1.0
902,944,1.0
904,944,1.0
941,944,1.0
942,944,1.0
493,945,1.0
494,945,1.0
687,945,1.0
903,945,1.0
941,945,1.0
942,945,1.0
944,945,1.0
492,946,1.0
494,946,1.0
688,946,1.0
902,946,1.0
904,946,1.0
943,946,1.0
689,947,1.0
935,947,1.0
937,947,1.0
493,948,1.0
494,948,1.0
642,948,1.0
643,948,1.0
690,948,1.0
936,948,1.0
947,948,1.0
492,949,1.0
494,949,1.0
641,949,1.0
643,949,1.0
691,949,1.0
935,949,1.0
937,949,1.0
947,949,1.0
692,950,1.0
938,950,1.0
940,950,1.0
947,950,1.0
948,950,1.0
493,951,1.0
494,951,1.0
693,951,1.0
939,951,1.0
947,951,1.0
948,951,1.0
950,951,1.0
492,952,1.0
494,952,1.0
694,952,1.0
938,952,1.0
940,952,1.0
949,952,1.0
695,953,1.0
941,953,1.0
943,953,1.0
950,953,1.0
951,953,1.0
493,954,1.0
494,954,1.0
696,954,1.0
942,954,1.0
950,954,1.0
951,954,1.0
492,955,1.0
494,955,1.0
697,955,1.0
941,955,1.0
943,955,1.0
952,955,1.0
698,956,1.0
944,956,1.0
946,956,1.0
953,956,1.0
954,956,1.0
493,957,1.0
494,957,1.0
642,957,1.0
643,957,1.0
699,957,1.0
945,957,1.0
953,957,1.0
954,957,1.0
956,957,1.0
492,958,1.0
494,958,1.0
641,958,1.0
643,958,1.0
700,958,1.0
944,958,1.0
946,958,1.0
955,958,1.0
701,959,1.0
950,959,1.0
952,959,1.0
493,960,1.0
494,960,1.0
702,960,1.0
951,960,1.0
959,960,1.0
492,961,1.0
494,961,1.0
703,961,1.0
950,961,1.0
952,961,1.0
959,961,1.0
704,962,1.0
953,962,1.0
955,962,1.0
959,962,1.0
960,962,1.0
493,963,1.0
494,963,1.0
705,963,1.0
954,963,1.0
959,963,1.0
960,963,1.0
492,964,1.0
494,964,1.0
706,964,1.0
953,964,1.0
955,964,1.0
961,964,1.0
962,964,1.0
707,965,1.0
956,965,1.0
958,965,1.0
962,965,1.0
963,965,1.0
493,966,1.0
494,966,1.0
708,966,1.0
957,966,1.0
962,966,1.0
963,966,1.0
965,966,1.0
492,967,1.0
494,967,1.0
709,967,1.0
956,967,1.0
958,967,1.0
964,967,1.0
965,967,1.0
470,968,1.0
473,968,1.0
476,968,1.0
479,968,1.0
482,968,1.0
485,968,1.0
488,968,1.0
491,968,1.0
503,968,1.0
506,968,1.0
512,968,1.0
518,968,1.0
521,968,1.0
524,968,1.0
527,968,1.0
530,968,1.0
536,968,1.0
539,968,1.0
542,968,1.0
545,968,1.0
548,968,1.0
571,968,1.0
582,968,1.0
587,968,1.0
591,968,1.0
614,968,1.0
621,968,1.0
628,968,1.0
631,968,1.0
634,968,1.0
637,968,1.0
640,968,1.0
641,968,1.0
643,968,1.0
646,968,1.0
649,968,1.0
652,968,1.0
655,968,1.0
658,968,1.0
661,968,1.0
664,968,1.0
667,968,1.0
718,968,1.0
721,968,1.0
727,968,1.0
730,968,1.0
733,968,1.0
736,968,1.0
739,968,1.0
742,968,1.0
745,968,1.0
748,968,1.0
751,968,1.0
754,968,1.0
757,968,1.0
825,968,1.0
828,968,1.0
839,968,1.0
842,968,1.0
845,968,1.0
848,968,1.0
898,968,1.0
901,968,1.0
904,968,1.0
907,968,1.0
916,968,1.0
919,968,1.0
922,968,1.0
925,968,1.0
928,968,1.0
931,968,1.0
934,968,1.0
937,968,1.0
940,968,1.0
943,968,1.0
946,968,1.0
952,968,1.0
955,968,1.0
958,968,1.0
961,968,1.0
964,968,1.0
967,968,1.0
469,969,1.0
472,969,1.0
475,969,1.0
478,969,1.0
481,969,1.0
484,969,1.0
487,969,1.0
490,969,1.0
502,969,1.0
505,969,1.0
511,969,1.0
517,969,1.0
520,969,1.0
523,969,1.0
526,969,1.0
529,969,1.0
535,969,1.0
538,969,1.0
541,969,1.0
544,969,1.0
547,969,1.0
570,969,1.0
581,969,1.0
586,969,1.0
590,969,1.0
613,969,1.0
620,969,1.0
627,969,1.0
630,969,1.0
633,969,1.0
636,969,1.0
639,969,1.0
642,969,1.0
643,969,1.0
645,969,1.0
648,969,1.0
651,969,1.0
654,969,1.0
657,969,1.0
660,969,1.0
663,969,1.0
666,969,1.0
717,969,1.0
720,969,1.0
726,969,1.0
729,969,1.0
732,969,1.0
735,969,1.0
738,969,1.0
741,969,1.0
744,969,1.0
747,969,1.0
750,969,1.0
753,969,1.0
756,969,1.0
824,969,1.0
827,969,1.0
838,969,1.0
841,969,1.0
844,969,1.0
847,969,1.0
897,969,1.0
900,969,1.0
903,969,1.0
906,969,1.0
915,969,1.0
918,969,1.0
921,969,1.0
924,969,1.0
927,969,1.0
930,969,1.0
933,969,1.0
936,969,1.0
939,969,1.0
942,969,1.0
945,969,1.0
951,969,1.0
954,969,1.0
957,969,1.0
960,969,1.0
963,969,1.0
966,969,1.0
469,970,1.0
470,970,1.0
472,970,1.0
473,970,1.0
475,970,1.0
476,970,1.0
478,970,1.0
479,970,1.0
481,970,1.0
482,970,1.0
484,970,1.0
485,970,1.0
487,970,1.0
488,970,1.0
490,970,1.0
491,970,1.0
502,970,1.0
503,970,1.0
505,970,1.0
506,970,1.0
511,970,1.0
512,970,1.0
517,970,1.0
518,970,1.0
520,970,1.0
521,970,1.0
523,970,1.0
524,970,1.0
526,970,1.0
527,970,1.0
529,970,1.0
530,970,1.0
535,970,1.0
536,970,1.0
538,970,1.0
539,970,1.0
541,970,1.0
542,970,1.0
544,970,1.0
545,970,1.0
547,970,1.0
548,970,1.0
570,970,1.0
571,970,1.0
581,970,1.0
582,970,1.0
586,970,1.0
587,970,1.0
590,970,1.0
591,970,1.0
613,970,1.0
614,970,1.0
620,970,1.0
621,970,1.0
627,970,1.0
628,970,1.0
630,970,1.0
631,970,1.0
633,970,1.0
634,970,1.0
636,970,1.0
637,970,1.0
639,970,1.0
640,970,1.0
641,970,1.0
642,970,1.0
643,970,1.0
645,970,1.0
646,970,1.0
648,970,1.0
649,970,1.0
651,970,1.0
652,970,1.0
654,970,1.0
655,970,1.0
657,970,1.0
658,970,1.0
660,970,1.0
661,970,1.0
663,970,1.0
664,970,1.0
666,970,1.0
667,970,1.0
717,970,1.0
718,970,1.0
720,970,1.0
721,970,1.0
726,970,1.0
727,970,1.0
729,970,1.0
730,970,1.0
732,970,1.0
733,970,1.0
735,970,1.0
736,970,1.0
738,970,1.0
739,970,1.0
741,970,1.0
742,970,1.0
744,970,1.0
745,970,1.0
747,970,1.0
748,970,1.0
750,970,1.0
751,970,1.0
753,970,1.0
754,970,1.0
756,970,1.0
757,970,1.0
824,970,1.0
825,970,1.0
827,970,1.0
828,970,1.0
838,970,1.0
839,970,1.0
841,970,1.0
842,970,1.0
844,970,1.0
845,970,1.0
847,970,1.0
848,970,1.0
897,970,1.0
898,970,1.0
900,970,1.0
901,970,1.0
903,970,1.0
904,970,1.0
906,970,1.0
907,970,1.0
915,970,1.0
916,970,1.0
918,970,1.0
919,970,1.0
921,970,1.0
922,970,1.0
924,970,1.0
925,970,1.0
927,970,1.0
928,970,1.0
930,970,1.0
931,970,1.0
933,970,1.0
934,970,1.0
936,970,1.0
937,970,1.0
939,970,1.0
940,970,1.0
942,970,1.0
943,970,1.0
945,970,1.0
946,970,1.0
951,970,1.0
952,970,1.0
954,970,1.0
955,970,1.0
957,970,1.0
958,970,1.0
960,970,1.0
961,970,1.0
963,970,1.0
964,970,1.0
966,970,1.0
967,970,1.0
968,970,1.0
969,970,1.0
716,971,1.0
717,971,1.0
731,971,1.0
733,971,1.0
914,971,1.0
915,971,1.0
716,972,1.0
717,972,1.0
732,972,1.0
914,972,1.0
915,972,1.0
971,972,1.0
718,973,1.0
731,973,1.0
733,973,1.0
916,973,1.0
971,973,1.0
725,974,1.0
726,974,1.0
737,974,1.0
739,974,1.0
917,974,1.0
918,974,1.0
725,975,1.0
726,975,1.0
738,975,1.0
917,975,1.0
918,975,1.0
974,975,1.0
727,976,1.0
737,976,1.0
739,976,1.0
919,976,1.0
974,976,1.0
550,977,1.0
551,977,1.0
768,977,1.0
549,978,1.0
551,978,1.0
769,978,1.0
550,979,1.0
551,979,1.0
771,979,1.0
549,980,1.0
551,980,1.0
772,980,1.0
550,981,1.0
551,981,1.0
780,981,1.0
549,982,1.0
551,982,1.0
781,982,1.0
550,983,1.0
551,983,1.0
783,983,1.0
549,984,1.0
551,984,1.0
784,984,1.0
550,985,1.0
551,985,1.0
786,985,1.0
550,986,1.0
551,986,1.0
795,986,1.0
549,987,1.0
551,987,1.0
796,987,1.0
550,988,1.0
551,988,1.0
798,988,1.0
549,989,1.0
551,989,1.0
799,989,1.0
550,990,1.0
551,990,1.0
801,990,1.0
549,991,1.0
551,991,1.0
808,991,1.0
549,992,1.0
551,992,1.0
811,992,1.0
549,993,1.0
551,993,1.0
814,993,1.0
549,994,1.0
551,994,1.0
817,994,1.0
823,995,1.0
826,995,1.0
828,995,1.0
642,996,1.0
643,996,1.0
824,996,1.0
827,996,1.0
969,996,1.0
970,996,1.0
995,996,1.0
641,997,1.0
643,997,1.0
825,997,1.0
826,997,1.0
828,997,1.0
968,997,1.0
970,997,1.0
995,997,1.0
837,998,1.0
840,998,1.0
842,998,1.0
899,998,1.0
900,998,1.0
995,998,1.0
996,998,1.0
642,999,1.0
643,999,1.0
838,999,1.0
841,999,1.0
899,999,1.0
900,999,1.0
969,999,1.0
970,999,1.0
995,999,1.0
996,999,1.0
641,1000,1.0
643,1000,1.0
839,1000,1.0
840,1000,1.0
842,1000,1.0
901,1000,1.0
968,1000,1.0
970,1000,1.0
997,1000,1.0
592,1001,1.0
594,1001,1.0
878,1001,1.0
593,1002,1.0
594,1002,1.0
877,1002,1.0
876,1003,1.0
593,1004,1.0
594,1004,1.0
877,1004,1.0
1002,1004,1.0
592,1005,1.0
594,1005,1.0
878,1005,1.0
1001,1005,1.0
594,1006,1.0
592,1007,1.0
594,1007,1.0
890,1007,1.0
593,1008,1.0
594,1008,1.0
889,1008,1.0
888,1009,1.0
593,1010,1.0
594,1010,1.0
889,1010,1.0
1008,1010,1.0
592,1011,1.0
594,1011,1.0
890,1011,1.0
1007,1011,1.0
594,1012,1.0
896,1013,1.0
899,1013,1.0
901,1013,1.0
642,1014,1.0
643,1014,1.0
897,1014,1.0
900,1014,1.0
969,1014,1.0
970,1014,1.0
641,1015,1.0
643,1015,1.0
898,1015,1.0
899,1015,1.0
901,1015,1.0
968,1015,1.0
970,1015,1.0
902,1016,1.0
905,1016,1.0
907,1016,1.0
1013,1016,1.0
1014,1016,1.0
642,1017,1.0
643,1017,1.0
903,1017,1.0
906,1017,1.0
969,1017,1.0
970,1017,1.0
1013,1017,1.0
1014,1017,1.0
1016,1017,1.0
641,1018,1.0
643,1018,1.0
904,1018,1.0
905,1018,1.0
907,1018,1.0
968,1018,1.0
970,1018,1.0
1015,1018,1.0
908,1019,1.0
912,1019,1.0
909,1020,1.0
911,1020,1.0
910,1021,1.0
909,1022,1.0
911,1022,1.0
1020,1022,1.0
908,1023,1.0
912,1023,1.0
1019,1023,1.0
913,1024,1.0
929,1025,1.0
642,1026,1.0
643,1026,1.0
930,1026,1.0
969,1026,1.0
970,1026,1.0
1025,1026,1.0
641,1027,1.0
643,1027,1.0
931,1027,1.0
968,1027,1.0
970,1027,1.0
932,1028,1.0
998,1028,1.0
1000,1028,1.0
1013,1028,1.0
1014,1028,1.0
1025,1028,1.0
1026,1028,1.0
642,1029,1.0
643,1029,1.0
933,1029,1.0
969,1029,1.0
970,1029,1.0
999,1029,1.0
1013,1029,1.0
1014,1029,1.0
1025,1029,1.0
1026,1029,1.0
1028,1029,1.0
641,1030,1.0
643,1030,1.0
934,1030,1.0
968,1030,1.0
970,1030,1.0
998,1030,1.0
1000,1030,1.0
1015,1030,1.0
1027,1030,1.0
935,1031,1.0
642,1032,1.0
643,1032,1.0
936,1032,1.0
969,1032,1.0
970,1032,1.0
1031,1032,1.0
641,1033,1.0
643,1033,1.0
937,1033,1.0
968,1033,1.0
970,1033,1.0
938,1034,1.0
1028,1034,1.0
1030,1034,1.0
1031,1034,1.0
1032,1034,1.0
642,1035,1.0
643,1035,1.0
939,1035,1.0
969,1035,1.0
970,1035,1.0
1029,1035,1.0
1031,1035,1.0
1032,1035,1.0
1034,1035,1.0
641,1036,1.0
643,1036,1.0
940,1036,1.0
968,1036,1.0
970,1036,1.0
1028,1036,1.0
1030,1036,1.0
1033,1036,1.0
941,1037,1.0
1013,1037,1.0
1015,1037,1.0
1034,1037,1.0
1035,1037,1.0
642,1038,1.0
643,1038,1.0
942,1038,1.0
969,1038,1.0
970,1038,1.0
1014,1038,1.0
1034,1038,1.0
1035,1038,1.0
641,1039,1.0
643,1039,1.0
943,1039,1.0
968,1039,1.0
970,1039,1.0
1013,1039,1.0
1015,1039,1.0
1036,1039,1.0
944,1040,1.0
1016,1040,1.0
1018,1040,1.0
1037,1040,1.0
1038,1040,1.0
642,1041,1.0
643,1041,1.0
945,1041,1.0
969,1041,1.0
970,1041,1.0
1017,1041,1.0
1037,1041,1.0
1038,1041,1.0
1040,1041,1.0
641,1042,1.0
643,1042,1.0
946,1042,1.0
968,1042,1.0
970,1042,1.0
1016,1042,1.0
1018,1042,1.0
1039,1042,1.0
950,1043,1.0
1034,1043,1.0
1036,1043,1.0
642,1044,1.0
643,1044,1.0
951,1044,1.0
969,1044,1.0
970,1044,1.0
1035,1044,1.0
1043,1044,1.0
641,1045,1.0
643,1045,1.0
952,1045,1.0
968,1045,1.0
970,1045,1.0
1034,1045,1.0
1036,1045,1.0
953,1046,1.0
1037,1046,1.0
1039,1046,1.0
1043,1046,1.0
1044,1046,1.0
642,1047,1.0
643,1047,1.0
954,1047,1.0
969,1047,1.0
970,1047,1.0
1038,1047,1.0
1043,1047,1.0
1044,1047,1.0
641,1048,1.0
643,1048,1.0
955,1048,1.0
968,1048,1.0
970,1048,1.0
1037,1048,1.0
1039,1048,1.0
1045,1048,1.0
956,1049,1.0
1040,1049,1.0
1042,1049,1.0
1046,1049,1.0
1047,1049,1.0
642,1050,1.0
643,1050,1.0
957,1050,1.0
969,1050,1.0
970,1050,1.0
1041,1050,1.0
1046,1050,1.0
1047,1050,1.0
1049,1050,1.0
641,1051,1.0
643,1051,1.0
958,1051,1.0
968,1051,1.0
970,1051,1.0
1040,1051,1.0
1042,1051,1.0
1048,1051,1.0
959,1052,1.0
1043,1052,1.0
1045,1052,1.0
642,1053,1.0
643,1053,1.0
960,1053,1.0
969,1053,1.0
970,1053,1.0
1044,1053,1.0
1052,1053,1.0
641,1054,1.0
643,1054,1.0
961,1054,1.0
968,1054,1.0
970,1054,1.0
1043,1054,1.0
1045,1054,1.0
1052,1054,1.0
962,1055,1.0
1046,1055,1.0
1048,1055,1.0
1052,1055,1.0
1053,1055,1.0
642,1056,1.0
643,1056,1.0
963,1056,1.0
969,1056,1.0
970,1056,1.0
1047,1056,1.0
1052,1056,1.0
1053,1056,1.0
641,1057,1.0
643,1057,1.0
964,1057,1.0
968,1057,1.0
970,1057,1.0
1046,1057,1.0
1048,1057,1.0
1054,1057,1.0
1055,1057,1.0
965,1058,1.0
1049,1058,1.0
1051,1058,1.0
1055,1058,1.0
1056,1058,1.0
642,1059,1.0
643,1059,1.0
966,1059,1.0
969,1059,1.0
970,1059,1.0
1050,1059,1.0
1055,1059,1.0
1056,1059,1.0
1058,1059,1.0
641,1060,1.0
643,1060,1.0
967,1060,1.0
968,1060,1.0
970,1060,1.0
1049,1060,1.0
1051,1060,1.0
1057,1060,1.0
1058,1060,1.0
1001,1061,1.0
1005,1061,1.0
1002,1062,1.0
1004,1062,1.0
1003,1063,1.0
1002,1064,1.0
1004,1064,1.0
1062,1064,1.0
1001,1065,1.0
1005,1065,1.0
1061,1065,1.0
1006,1066,1.0
1007,1067,1.0
1011,1067,1.0
1008,1068,1.0
1010,1068,1.0
1009,1069,1.0
1008,1070,1.0
1010,1070,1.0
1068,1070,1.0
1007,1071,1.0
1011,1071,1.0
1067,1071,1.0
1012,1072,1.0
1020,1073,1.0
1022,1073,1.0
1062,1074,1.0
1064,1074,1.0
