2,3,1.0
1,4,1.0
2,4,1.0
3,4,1.0
1,5,1.0
4,5,1.0
1,6,1.0
2,6,1.0
4,6,1.0
7,8,1.0
7,9,1.0
8,9,1.0
7,10,1.0
9,10,1.0
11,12,1.0
7,13,1.0
8,13,1.0
11,13,1.0
12,13,1.0
7,14,1.0
11,14,1.0
13,14,1.0
15,16,1.0
15,17,1.0
16,17,1.0
15,18,1.0
17,18,1.0
7,19,1.0
10,19,1.0
19,20,1.0
7,21,1.0
19,21,1.0
19,22,1.0
20,22,1.0
21,22,1.0
20,23,1.0
22,23,1.0
22,24,1.0
23,24,1.0
22,25,1.0
24,25,1.0
25,26,1.0
22,27,1.0
25,27,1.0
25,28,1.0
26,28,1.0
27,28,1.0
26,30,1.0
28,30,1.0
29,30,1.0
29,31,1.0
30,31,1.0
28,32,1.0
29,32,1.0
30,32,1.0
33,34,1.0
33,35,1.0
34,35,1.0
33,36,1.0
35,36,1.0
29,37,1.0
31,37,1.0
33,37,1.0
34,37,1.0
29,38,1.0
33,38,1.0
37,38,1.0
40,41,1.0
39,42,1.0
40,42,1.0
41,42,1.0
39,43,1.0
42,43,1.0
39,44,1.0
40,44,1.0
42,44,1.0
45,46,1.0
45,47,1.0
46,47,1.0
45,48,1.0
47,48,1.0
39,49,1.0
43,49,1.0
45,49,1.0
46,49,1.0
39,50,1.0
45,50,1.0
49,50,1.0
51,52,1.0
51,53,1.0
52,53,1.0
51,54,1.0
53,54,1.0
55,56,1.0
55,57,1.0
56,57,1.0
55,58,1.0
57,58,1.0
51,59,1.0
54,59,1.0
55,59,1.0
56,59,1.0
51,60,1.0
55,60,1.0
59,60,1.0
61,62,1.0
61,63,1.0
62,63,1.0
61,64,1.0
63,64,1.0
55,65,1.0
58,65,1.0
61,65,1.0
62,65,1.0
55,66,1.0
61,66,1.0
65,66,1.0
61,67,1.0
64,67,1.0
67,68,1.0
61,69,1.0
67,69,1.0
67,70,1.0
68,70,1.0
69,70,1.0
68,72,1.0
70,72,1.0
71,72,1.0
71,73,1.0
72,73,1.0
70,74,1.0
71,74,1.0
72,74,1.0
76,77,1.0
75,78,1.0
76,78,1.0
77,78,1.0
75,79,1.0
78,79,1.0
75,80,1.0
76,80,1.0
78,80,1.0
81,82,1.0
81,83,1.0
82,83,1.0
81,84,1.0
83,84,1.0
85,86,1.0
85,87,1.0
86,87,1.0
85,88,1.0
87,88,1.0
85,89,1.0
88,89,1.0
85,90,1.0
89,90,1.0
75,91,1.0
75,92,1.0
91,92,1.0
75,93,1.0
91,93,1.0
91,94,1.0
91,95,1.0
93,95,1.0
94,95,1.0
79,96,1.0
82,96,1.0
93,96,1.0
81,97,1.0
95,97,1.0
96,97,1.0
79,98,1.0
82,98,1.0
96,98,1.0
75,99,1.0
79,99,1.0
93,99,1.0
96,99,1.0
81,100,1.0
82,100,1.0
96,100,1.0
97,100,1.0
93,101,1.0
95,101,1.0
96,101,1.0
97,101,1.0
97,102,1.0
81,103,1.0
102,103,1.0
102,104,1.0
95,105,1.0
102,105,1.0
102,106,1.0
103,106,1.0
104,106,1.0
104,107,1.0
105,107,1.0
81,108,1.0
97,108,1.0
102,108,1.0
103,108,1.0
102,109,1.0
104,109,1.0
105,109,1.0
107,109,1.0
95,110,1.0
97,110,1.0
102,110,1.0
105,110,1.0
103,111,1.0
104,111,1.0
106,111,1.0
81,112,1.0
111,112,1.0
107,113,1.0
111,113,1.0
112,114,1.0
113,114,1.0
81,115,1.0
103,115,1.0
111,115,1.0
112,115,1.0
104,116,1.0
107,116,1.0
111,116,1.0
113,116,1.0
111,117,1.0
112,117,1.0
113,117,1.0
114,117,1.0
94,118,1.0
105,118,1.0
118,119,1.0
107,120,1.0
118,120,1.0
94,121,1.0
118,121,1.0
119,121,1.0
118,122,1.0
119,122,1.0
120,122,1.0
105,123,1.0
107,123,1.0
118,123,1.0
120,123,1.0
94,124,1.0
95,124,1.0
105,124,1.0
118,124,1.0
113,125,1.0
119,125,1.0
120,125,1.0
122,125,1.0
114,126,1.0
125,126,1.0
119,127,1.0
125,127,1.0
126,127,1.0
107,128,1.0
113,128,1.0
120,128,1.0
125,128,1.0
113,129,1.0
114,129,1.0
125,129,1.0
126,129,1.0
86,130,1.0
85,131,1.0
130,131,1.0
130,132,1.0
130,133,1.0
131,134,1.0
132,134,1.0
130,135,1.0
132,135,1.0
133,135,1.0
86,136,1.0
130,136,1.0
133,136,1.0
130,137,1.0
131,137,1.0
132,137,1.0
134,137,1.0
85,138,1.0
86,138,1.0
130,138,1.0
131,138,1.0
84,139,1.0
132,139,1.0
133,139,1.0
135,139,1.0
81,140,1.0
134,140,1.0
139,140,1.0
84,141,1.0
133,141,1.0
139,141,1.0
132,142,1.0
134,142,1.0
139,142,1.0
140,142,1.0
81,143,1.0
84,143,1.0
139,143,1.0
140,143,1.0
90,144,1.0
131,144,1.0
144,145,1.0
134,146,1.0
144,146,1.0
90,147,1.0
144,147,1.0
145,147,1.0
144,148,1.0
145,148,1.0
146,148,1.0
131,149,1.0
134,149,1.0
144,149,1.0
146,149,1.0
85,150,1.0
90,150,1.0
131,150,1.0
144,150,1.0
145,151,1.0
146,151,1.0
148,151,1.0
151,152,1.0
134,153,1.0
151,153,1.0
145,154,1.0
151,154,1.0
152,154,1.0
152,155,1.0
153,155,1.0
134,156,1.0
146,156,1.0
151,156,1.0
153,156,1.0
151,157,1.0
152,157,1.0
153,157,1.0
155,157,1.0
112,158,1.0
140,158,1.0
153,158,1.0
114,159,1.0
155,159,1.0
158,159,1.0
153,160,1.0
155,160,1.0
158,160,1.0
159,160,1.0
112,161,1.0
114,161,1.0
158,161,1.0
159,161,1.0
81,162,1.0
112,162,1.0
140,162,1.0
158,162,1.0
134,163,1.0
140,163,1.0
153,163,1.0
158,163,1.0
114,164,1.0
126,164,1.0
152,164,1.0
155,164,1.0
159,164,1.0
75,165,1.0
92,165,1.0
165,166,1.0
75,167,1.0
165,167,1.0
165,168,1.0
166,168,1.0
167,168,1.0
166,170,1.0
168,170,1.0
169,170,1.0
169,171,1.0
170,171,1.0
168,172,1.0
169,172,1.0
170,172,1.0
173,174,1.0
173,175,1.0
174,175,1.0
173,176,1.0
175,176,1.0
39,178,1.0
177,178,1.0
39,179,1.0
177,179,1.0
177,180,1.0
177,181,1.0
177,182,1.0
179,182,1.0
180,182,1.0
180,183,1.0
181,183,1.0
178,184,1.0
181,184,1.0
39,185,1.0
177,185,1.0
178,185,1.0
179,185,1.0
177,186,1.0
180,186,1.0
181,186,1.0
183,186,1.0
177,187,1.0
178,187,1.0
181,187,1.0
184,187,1.0
50,188,1.0
179,188,1.0
180,188,1.0
182,188,1.0
45,189,1.0
183,189,1.0
188,189,1.0
39,190,1.0
50,190,1.0
179,190,1.0
188,190,1.0
180,191,1.0
183,191,1.0
188,191,1.0
189,191,1.0
45,192,1.0
50,192,1.0
188,192,1.0
189,192,1.0
181,193,1.0
184,194,1.0
193,194,1.0
193,195,1.0
183,196,1.0
193,196,1.0
193,197,1.0
194,197,1.0
195,197,1.0
193,198,1.0
195,198,1.0
196,198,1.0
181,199,1.0
183,199,1.0
193,199,1.0
196,199,1.0
181,200,1.0
184,200,1.0
193,200,1.0
194,200,1.0
48,201,1.0
189,201,1.0
195,201,1.0
196,201,1.0
198,201,1.0
48,202,1.0
195,202,1.0
201,202,1.0
183,203,1.0
189,203,1.0
196,203,1.0
201,203,1.0
45,204,1.0
48,204,1.0
189,204,1.0
201,204,1.0
51,205,1.0
52,205,1.0
184,205,1.0
194,205,1.0
51,206,1.0
184,206,1.0
205,206,1.0
51,207,1.0
55,207,1.0
60,207,1.0
55,208,1.0
207,208,1.0
51,209,1.0
207,209,1.0
207,210,1.0
208,210,1.0
209,210,1.0
66,211,1.0
69,211,1.0
208,211,1.0
70,212,1.0
210,212,1.0
211,212,1.0
55,213,1.0
66,213,1.0
208,213,1.0
211,213,1.0
61,214,1.0
66,214,1.0
69,214,1.0
211,214,1.0
69,215,1.0
70,215,1.0
211,215,1.0
212,215,1.0
208,216,1.0
210,216,1.0
211,216,1.0
212,216,1.0
70,217,1.0
71,217,1.0
74,217,1.0
71,218,1.0
217,218,1.0
70,219,1.0
217,219,1.0
217,220,1.0
218,220,1.0
219,220,1.0
71,222,1.0
221,222,1.0
71,223,1.0
221,223,1.0
76,224,1.0
221,224,1.0
76,225,1.0
221,225,1.0
221,226,1.0
223,226,1.0
224,226,1.0
222,227,1.0
225,227,1.0
71,228,1.0
221,228,1.0
222,228,1.0
223,228,1.0
76,229,1.0
221,229,1.0
224,229,1.0
225,229,1.0
221,230,1.0
222,230,1.0
225,230,1.0
227,230,1.0
77,231,1.0
224,231,1.0
231,232,1.0
226,233,1.0
231,233,1.0
77,234,1.0
231,234,1.0
232,234,1.0
231,235,1.0
232,235,1.0
233,235,1.0
224,236,1.0
226,236,1.0
231,236,1.0
233,236,1.0
76,237,1.0
77,237,1.0
224,237,1.0
231,237,1.0
71,238,1.0
223,238,1.0
226,238,1.0
233,238,1.0
235,238,1.0
71,239,1.0
235,239,1.0
238,239,1.0
71,240,1.0
73,240,1.0
232,240,1.0
235,240,1.0
239,240,1.0
80,241,1.0
167,241,1.0
76,242,1.0
241,242,1.0
168,243,1.0
241,243,1.0
242,244,1.0
243,244,1.0
76,245,1.0
80,245,1.0
241,245,1.0
242,245,1.0
75,246,1.0
80,246,1.0
167,246,1.0
241,246,1.0
167,247,1.0
168,247,1.0
241,247,1.0
243,247,1.0
241,248,1.0
242,248,1.0
243,248,1.0
244,248,1.0
168,249,1.0
169,249,1.0
172,249,1.0
243,249,1.0
244,249,1.0
169,250,1.0
244,250,1.0
249,250,1.0
169,252,1.0
251,252,1.0
169,253,1.0
251,253,1.0
173,254,1.0
251,254,1.0
173,255,1.0
251,255,1.0
251,256,1.0
253,256,1.0
254,256,1.0
252,257,1.0
255,257,1.0
169,258,1.0
251,258,1.0
252,258,1.0
253,258,1.0
173,259,1.0
251,259,1.0
254,259,1.0
255,259,1.0
251,260,1.0
252,260,1.0
255,260,1.0
257,260,1.0
173,261,1.0
254,261,1.0
256,261,1.0
256,262,1.0
261,262,1.0
173,263,1.0
261,263,1.0
261,264,1.0
262,264,1.0
263,264,1.0
173,265,1.0
174,265,1.0
263,265,1.0
264,265,1.0
264,266,1.0
265,266,1.0
169,267,1.0
253,267,1.0
256,267,1.0
262,267,1.0
264,267,1.0
169,268,1.0
264,268,1.0
267,268,1.0
169,269,1.0
171,269,1.0
264,269,1.0
266,269,1.0
268,269,1.0
225,270,1.0
51,271,1.0
270,271,1.0
51,272,1.0
227,272,1.0
270,272,1.0
76,273,1.0
270,273,1.0
271,274,1.0
273,274,1.0
51,275,1.0
270,275,1.0
271,275,1.0
272,275,1.0
225,276,1.0
227,276,1.0
270,276,1.0
272,276,1.0
76,277,1.0
225,277,1.0
270,277,1.0
273,277,1.0
270,278,1.0
271,278,1.0
273,278,1.0
274,278,1.0
76,279,1.0
273,279,1.0
274,279,1.0
76,280,1.0
279,280,1.0
274,281,1.0
279,281,1.0
279,282,1.0
280,282,1.0
281,282,1.0
206,283,1.0
271,283,1.0
281,283,1.0
184,284,1.0
282,284,1.0
283,284,1.0
281,285,1.0
282,285,1.0
283,285,1.0
284,285,1.0
184,286,1.0
206,286,1.0
283,286,1.0
284,286,1.0
51,287,1.0
206,287,1.0
271,287,1.0
283,287,1.0
271,288,1.0
274,288,1.0
281,288,1.0
283,288,1.0
242,289,1.0
280,289,1.0
244,290,1.0
289,290,1.0
282,291,1.0
289,291,1.0
290,292,1.0
291,292,1.0
76,293,1.0
242,293,1.0
280,293,1.0
289,293,1.0
242,294,1.0
244,294,1.0
289,294,1.0
290,294,1.0
289,295,1.0
290,295,1.0
291,295,1.0
292,295,1.0
280,296,1.0
282,296,1.0
289,296,1.0
291,296,1.0
178,297,1.0
284,297,1.0
291,297,1.0
39,298,1.0
292,298,1.0
297,298,1.0
291,299,1.0
292,299,1.0
297,299,1.0
298,299,1.0
39,300,1.0
178,300,1.0
297,300,1.0
298,300,1.0
178,301,1.0
184,301,1.0
284,301,1.0
297,301,1.0
282,302,1.0
284,302,1.0
291,302,1.0
297,302,1.0
244,303,1.0
257,303,1.0
290,303,1.0
292,303,1.0
244,304,1.0
257,304,1.0
303,304,1.0
257,305,1.0
292,305,1.0
303,305,1.0
255,306,1.0
298,306,1.0
305,306,1.0
39,307,1.0
173,307,1.0
306,307,1.0
255,308,1.0
257,308,1.0
305,308,1.0
306,308,1.0
173,309,1.0
255,309,1.0
306,309,1.0
307,309,1.0
39,310,1.0
298,310,1.0
306,310,1.0
307,310,1.0
292,311,1.0
298,311,1.0
305,311,1.0
306,311,1.0
169,312,1.0
244,312,1.0
250,312,1.0
252,312,1.0
257,312,1.0
304,312,1.0
218,313,1.0
222,313,1.0
272,313,1.0
51,314,1.0
220,314,1.0
313,314,1.0
51,315,1.0
272,315,1.0
313,315,1.0
314,315,1.0
218,316,1.0
220,316,1.0
313,316,1.0
314,316,1.0
71,317,1.0
218,317,1.0
222,317,1.0
313,317,1.0
222,318,1.0
227,318,1.0
272,318,1.0
313,318,1.0
209,319,1.0
212,319,1.0
219,319,1.0
314,319,1.0
51,320,1.0
209,320,1.0
314,320,1.0
319,320,1.0
209,321,1.0
210,321,1.0
212,321,1.0
319,321,1.0
70,322,1.0
212,322,1.0
219,322,1.0
319,322,1.0
219,323,1.0
220,323,1.0
314,323,1.0
319,323,1.0
324,325,1.0
324,326,1.0
325,326,1.0
324,327,1.0
326,327,1.0
173,328,1.0
176,328,1.0
324,328,1.0
325,328,1.0
173,329,1.0
324,329,1.0
328,329,1.0
331,332,1.0
330,333,1.0
331,333,1.0
332,333,1.0
330,334,1.0
333,334,1.0
330,335,1.0
331,335,1.0
333,335,1.0
330,336,1.0
334,336,1.0
336,337,1.0
330,338,1.0
336,338,1.0
336,339,1.0
337,339,1.0
338,339,1.0
337,341,1.0
339,341,1.0
340,341,1.0
340,342,1.0
341,342,1.0
339,343,1.0
340,343,1.0
341,343,1.0
344,345,1.0
344,346,1.0
345,346,1.0
344,347,1.0
346,347,1.0
348,349,1.0
348,350,1.0
349,350,1.0
348,351,1.0
350,351,1.0
348,352,1.0
351,352,1.0
348,353,1.0
352,353,1.0
344,354,1.0
347,354,1.0
348,355,1.0
349,355,1.0
354,355,1.0
344,356,1.0
354,356,1.0
348,357,1.0
354,357,1.0
355,357,1.0
356,357,1.0
348,358,1.0
353,358,1.0
357,358,1.0
358,359,1.0
359,360,1.0
359,361,1.0
357,362,1.0
359,362,1.0
358,363,1.0
359,363,1.0
360,363,1.0
359,364,1.0
360,364,1.0
361,364,1.0
361,365,1.0
362,365,1.0
359,366,1.0
361,366,1.0
362,366,1.0
365,366,1.0
357,367,1.0
358,367,1.0
359,367,1.0
362,367,1.0
361,368,1.0
364,368,1.0
365,368,1.0
365,369,1.0
368,369,1.0
364,370,1.0
368,370,1.0
368,371,1.0
369,371,1.0
370,371,1.0
360,372,1.0
364,372,1.0
370,372,1.0
371,372,1.0
371,373,1.0
372,373,1.0
356,374,1.0
362,374,1.0
365,374,1.0
369,374,1.0
344,375,1.0
371,375,1.0
374,375,1.0
369,376,1.0
371,376,1.0
374,376,1.0
375,376,1.0
356,377,1.0
357,377,1.0
362,377,1.0
374,377,1.0
344,378,1.0
356,378,1.0
374,378,1.0
375,378,1.0
371,380,1.0
373,380,1.0
379,380,1.0
379,381,1.0
380,381,1.0
371,382,1.0
379,382,1.0
380,382,1.0
384,385,1.0
383,386,1.0
384,386,1.0
385,386,1.0
383,387,1.0
386,387,1.0
383,388,1.0
384,388,1.0
386,388,1.0
389,390,1.0
389,391,1.0
390,391,1.0
389,392,1.0
391,392,1.0
383,393,1.0
387,393,1.0
389,393,1.0
390,393,1.0
383,394,1.0
389,394,1.0
393,394,1.0
395,396,1.0
395,397,1.0
396,397,1.0
395,398,1.0
397,398,1.0
395,399,1.0
398,399,1.0
395,400,1.0
399,400,1.0
383,401,1.0
383,402,1.0
401,402,1.0
383,403,1.0
401,403,1.0
401,404,1.0
401,405,1.0
403,405,1.0
404,405,1.0
383,406,1.0
389,406,1.0
394,406,1.0
389,407,1.0
406,407,1.0
383,408,1.0
406,408,1.0
406,409,1.0
407,409,1.0
408,409,1.0
395,410,1.0
395,411,1.0
400,411,1.0
410,411,1.0
395,412,1.0
396,412,1.0
410,412,1.0
409,413,1.0
410,413,1.0
411,413,1.0
409,414,1.0
413,414,1.0
409,415,1.0
410,415,1.0
413,415,1.0
392,416,1.0
407,416,1.0
412,416,1.0
415,416,1.0
392,417,1.0
412,417,1.0
416,417,1.0
407,418,1.0
409,418,1.0
415,418,1.0
416,418,1.0
389,419,1.0
392,419,1.0
407,419,1.0
416,419,1.0
410,420,1.0
412,420,1.0
415,420,1.0
416,420,1.0
403,421,1.0
421,422,1.0
405,423,1.0
421,423,1.0
383,424,1.0
421,424,1.0
422,425,1.0
423,425,1.0
422,426,1.0
424,426,1.0
421,427,1.0
422,427,1.0
423,427,1.0
425,427,1.0
403,428,1.0
405,428,1.0
421,428,1.0
423,428,1.0
383,429,1.0
403,429,1.0
421,429,1.0
424,429,1.0
421,430,1.0
422,430,1.0
424,430,1.0
426,430,1.0
383,431,1.0
408,431,1.0
409,431,1.0
424,431,1.0
426,431,1.0
409,432,1.0
426,432,1.0
431,432,1.0
414,433,1.0
433,434,1.0
433,435,1.0
409,436,1.0
433,436,1.0
414,437,1.0
433,437,1.0
434,437,1.0
433,438,1.0
434,438,1.0
435,438,1.0
435,439,1.0
436,439,1.0
433,440,1.0
435,440,1.0
436,440,1.0
439,440,1.0
409,441,1.0
414,441,1.0
433,441,1.0
436,441,1.0
425,442,1.0
435,442,1.0
438,442,1.0
439,442,1.0
425,443,1.0
439,443,1.0
442,443,1.0
425,444,1.0
438,444,1.0
442,444,1.0
425,445,1.0
434,445,1.0
438,445,1.0
444,445,1.0
425,446,1.0
445,446,1.0
422,447,1.0
432,447,1.0
436,447,1.0
439,447,1.0
443,447,1.0
422,448,1.0
425,448,1.0
443,448,1.0
447,448,1.0
409,449,1.0
432,449,1.0
436,449,1.0
447,449,1.0
422,450,1.0
426,450,1.0
432,450,1.0
447,450,1.0
404,451,1.0
405,451,1.0
423,451,1.0
425,451,1.0
446,451,1.0
40,452,1.0
40,453,1.0
452,453,1.0
40,454,1.0
452,454,1.0
452,455,1.0
452,456,1.0
454,456,1.0
455,456,1.0
39,457,1.0
40,457,1.0
44,457,1.0
39,458,1.0
457,458,1.0
40,459,1.0
457,459,1.0
457,460,1.0
458,460,1.0
459,460,1.0
173,461,1.0
324,461,1.0
329,461,1.0
324,462,1.0
461,462,1.0
173,463,1.0
461,463,1.0
461,464,1.0
462,464,1.0
463,464,1.0
327,465,1.0
465,466,1.0
465,467,1.0
324,468,1.0
465,468,1.0
327,469,1.0
465,469,1.0
466,469,1.0
465,470,1.0
466,470,1.0
467,470,1.0
467,471,1.0
468,471,1.0
465,472,1.0
467,472,1.0
468,472,1.0
471,472,1.0
324,473,1.0
327,473,1.0
465,473,1.0
468,473,1.0
331,474,1.0
467,474,1.0
470,474,1.0
471,474,1.0
331,475,1.0
471,475,1.0
474,475,1.0
331,476,1.0
470,476,1.0
474,476,1.0
331,477,1.0
332,477,1.0
466,477,1.0
470,477,1.0
476,477,1.0
468,478,1.0
471,478,1.0
475,478,1.0
331,479,1.0
478,479,1.0
324,480,1.0
478,480,1.0
479,481,1.0
480,481,1.0
331,482,1.0
475,482,1.0
478,482,1.0
479,482,1.0
324,483,1.0
468,483,1.0
478,483,1.0
480,483,1.0
478,484,1.0
479,484,1.0
480,484,1.0
481,484,1.0
338,485,1.0
343,485,1.0
330,486,1.0
485,486,1.0
340,487,1.0
485,487,1.0
486,488,1.0
487,488,1.0
330,489,1.0
338,489,1.0
485,489,1.0
486,489,1.0
338,490,1.0
339,490,1.0
343,490,1.0
485,490,1.0
340,491,1.0
343,491,1.0
485,491,1.0
487,491,1.0
485,492,1.0
486,492,1.0
487,492,1.0
488,492,1.0
344,494,1.0
493,494,1.0
344,495,1.0
493,495,1.0
379,496,1.0
493,496,1.0
379,497,1.0
493,497,1.0
493,498,1.0
495,498,1.0
496,498,1.0
494,499,1.0
497,499,1.0
344,500,1.0
493,500,1.0
494,500,1.0
495,500,1.0
379,501,1.0
493,501,1.0
496,501,1.0
497,501,1.0
493,502,1.0
494,502,1.0
497,502,1.0
499,502,1.0
375,503,1.0
382,503,1.0
495,503,1.0
496,503,1.0
498,503,1.0
344,504,1.0
375,504,1.0
495,504,1.0
503,504,1.0
379,505,1.0
382,505,1.0
496,505,1.0
503,505,1.0
371,506,1.0
375,506,1.0
382,506,1.0
503,506,1.0
384,507,1.0
385,507,1.0
384,508,1.0
507,508,1.0
507,509,1.0
507,510,1.0
508,510,1.0
509,510,1.0
508,511,1.0
384,512,1.0
511,512,1.0
499,513,1.0
511,513,1.0
499,514,1.0
510,514,1.0
511,514,1.0
512,515,1.0
513,515,1.0
384,516,1.0
508,516,1.0
511,516,1.0
512,516,1.0
511,517,1.0
512,517,1.0
513,517,1.0
515,517,1.0
499,518,1.0
511,518,1.0
513,518,1.0
514,518,1.0
508,519,1.0
510,519,1.0
511,519,1.0
514,519,1.0
381,520,1.0
497,520,1.0
520,521,1.0
499,522,1.0
520,522,1.0
381,523,1.0
520,523,1.0
521,523,1.0
520,524,1.0
521,524,1.0
522,524,1.0
497,525,1.0
499,525,1.0
520,525,1.0
522,525,1.0
379,526,1.0
381,526,1.0
497,526,1.0
520,526,1.0
509,527,1.0
514,527,1.0
521,527,1.0
522,527,1.0
524,527,1.0
509,528,1.0
521,528,1.0
527,528,1.0
499,529,1.0
514,529,1.0
522,529,1.0
527,529,1.0
509,530,1.0
510,530,1.0
514,530,1.0
527,530,1.0
494,531,1.0
513,531,1.0
515,532,1.0
531,532,1.0
344,533,1.0
531,533,1.0
532,534,1.0
533,534,1.0
513,535,1.0
515,535,1.0
531,535,1.0
532,535,1.0
531,536,1.0
532,536,1.0
533,536,1.0
534,536,1.0
344,537,1.0
494,537,1.0
531,537,1.0
533,537,1.0
494,538,1.0
499,538,1.0
513,538,1.0
531,538,1.0
515,539,1.0
532,539,1.0
534,539,1.0
515,540,1.0
539,540,1.0
534,541,1.0
539,541,1.0
539,542,1.0
540,542,1.0
541,542,1.0
541,543,1.0
542,544,1.0
543,544,1.0
543,545,1.0
534,546,1.0
543,546,1.0
543,547,1.0
544,547,1.0
545,547,1.0
543,548,1.0
545,548,1.0
546,548,1.0
534,549,1.0
541,549,1.0
543,549,1.0
546,549,1.0
541,550,1.0
542,550,1.0
543,550,1.0
544,550,1.0
345,551,1.0
533,551,1.0
545,551,1.0
546,551,1.0
548,551,1.0
345,552,1.0
545,552,1.0
551,552,1.0
533,553,1.0
534,553,1.0
546,553,1.0
551,553,1.0
344,554,1.0
345,554,1.0
533,554,1.0
551,554,1.0
488,555,1.0
515,555,1.0
540,555,1.0
542,555,1.0
488,556,1.0
515,556,1.0
555,556,1.0
488,557,1.0
542,557,1.0
555,557,1.0
487,558,1.0
557,558,1.0
340,559,1.0
558,559,1.0
542,560,1.0
558,560,1.0
558,561,1.0
559,561,1.0
560,561,1.0
340,562,1.0
487,562,1.0
558,562,1.0
559,562,1.0
542,563,1.0
557,563,1.0
558,563,1.0
560,563,1.0
487,564,1.0
488,564,1.0
557,564,1.0
558,564,1.0
544,565,1.0
560,565,1.0
565,566,1.0
561,567,1.0
565,567,1.0
544,568,1.0
565,568,1.0
566,568,1.0
565,569,1.0
566,569,1.0
567,569,1.0
560,570,1.0
561,570,1.0
565,570,1.0
567,570,1.0
542,571,1.0
544,571,1.0
560,571,1.0
565,571,1.0
340,572,1.0
559,572,1.0
561,572,1.0
567,572,1.0
569,572,1.0
340,573,1.0
569,573,1.0
572,573,1.0
340,574,1.0
342,574,1.0
566,574,1.0
569,574,1.0
573,574,1.0
330,575,1.0
486,575,1.0
488,575,1.0
515,575,1.0
556,575,1.0
330,576,1.0
515,576,1.0
575,576,1.0
512,577,1.0
384,578,1.0
460,578,1.0
577,578,1.0
460,579,1.0
481,579,1.0
577,579,1.0
481,580,1.0
515,580,1.0
577,580,1.0
384,581,1.0
512,581,1.0
577,581,1.0
578,581,1.0
460,582,1.0
577,582,1.0
578,582,1.0
579,582,1.0
481,583,1.0
577,583,1.0
579,583,1.0
580,583,1.0
512,584,1.0
515,584,1.0
577,584,1.0
580,584,1.0
335,585,1.0
479,585,1.0
576,585,1.0
580,585,1.0
479,586,1.0
481,586,1.0
580,586,1.0
585,586,1.0
331,587,1.0
335,587,1.0
479,587,1.0
585,587,1.0
330,588,1.0
335,588,1.0
576,588,1.0
585,588,1.0
515,589,1.0
576,589,1.0
580,589,1.0
585,589,1.0
462,590,1.0
480,590,1.0
579,590,1.0
460,591,1.0
464,591,1.0
590,591,1.0
460,592,1.0
579,592,1.0
590,592,1.0
591,592,1.0
462,593,1.0
464,593,1.0
590,593,1.0
591,593,1.0
324,594,1.0
462,594,1.0
480,594,1.0
590,594,1.0
480,595,1.0
481,595,1.0
579,595,1.0
590,595,1.0
307,596,1.0
458,596,1.0
463,596,1.0
591,596,1.0
458,597,1.0
460,597,1.0
591,597,1.0
596,597,1.0
39,598,1.0
307,598,1.0
458,598,1.0
596,598,1.0
173,599,1.0
307,599,1.0
463,599,1.0
596,599,1.0
463,600,1.0
464,600,1.0
591,600,1.0
596,600,1.0
388,601,1.0
402,601,1.0
384,602,1.0
601,602,1.0
601,603,1.0
402,604,1.0
601,604,1.0
603,604,1.0
602,605,1.0
603,605,1.0
384,606,1.0
388,606,1.0
601,606,1.0
602,606,1.0
383,607,1.0
388,607,1.0
402,607,1.0
601,607,1.0
601,608,1.0
602,608,1.0
603,608,1.0
605,608,1.0
456,609,1.0
456,610,1.0
609,610,1.0
456,611,1.0
609,611,1.0
609,612,1.0
609,613,1.0
610,613,1.0
612,613,1.0
609,614,1.0
611,614,1.0
612,614,1.0
454,615,1.0
611,615,1.0
40,616,1.0
615,616,1.0
614,617,1.0
615,617,1.0
615,618,1.0
616,618,1.0
617,618,1.0
40,619,1.0
454,619,1.0
615,619,1.0
616,619,1.0
611,620,1.0
614,620,1.0
615,620,1.0
617,620,1.0
454,621,1.0
456,621,1.0
611,621,1.0
615,621,1.0
459,622,1.0
616,622,1.0
617,622,1.0
618,622,1.0
460,623,1.0
614,623,1.0
622,623,1.0
40,624,1.0
459,624,1.0
616,624,1.0
622,624,1.0
614,625,1.0
617,625,1.0
622,625,1.0
623,625,1.0
459,626,1.0
460,626,1.0
622,626,1.0
623,626,1.0
612,627,1.0
623,627,1.0
460,628,1.0
627,628,1.0
613,629,1.0
627,629,1.0
628,630,1.0
629,630,1.0
460,631,1.0
623,631,1.0
627,631,1.0
628,631,1.0
627,632,1.0
628,632,1.0
629,632,1.0
630,632,1.0
612,633,1.0
613,633,1.0
627,633,1.0
629,633,1.0
612,634,1.0
614,634,1.0
623,634,1.0
627,634,1.0
460,635,1.0
605,635,1.0
628,635,1.0
630,635,1.0
460,636,1.0
605,636,1.0
635,636,1.0
605,637,1.0
630,637,1.0
635,637,1.0
603,638,1.0
629,638,1.0
637,638,1.0
613,639,1.0
638,639,1.0
603,640,1.0
638,640,1.0
639,640,1.0
603,641,1.0
605,641,1.0
637,641,1.0
638,641,1.0
613,642,1.0
629,642,1.0
638,642,1.0
639,642,1.0
629,643,1.0
630,643,1.0
637,643,1.0
638,643,1.0
384,644,1.0
460,644,1.0
578,644,1.0
602,644,1.0
605,644,1.0
636,644,1.0
455,645,1.0
456,645,1.0
610,645,1.0
613,645,1.0
639,645,1.0
40,646,1.0
453,646,1.0
646,647,1.0
40,648,1.0
646,648,1.0
646,649,1.0
647,649,1.0
648,649,1.0
647,651,1.0
649,651,1.0
650,651,1.0
650,652,1.0
651,652,1.0
649,653,1.0
650,653,1.0
651,653,1.0
654,655,1.0
654,656,1.0
655,656,1.0
654,657,1.0
656,657,1.0
654,658,1.0
657,658,1.0
658,659,1.0
654,660,1.0
658,660,1.0
658,661,1.0
659,661,1.0
660,661,1.0
659,663,1.0
661,663,1.0
662,663,1.0
662,664,1.0
663,664,1.0
661,665,1.0
662,665,1.0
663,665,1.0
666,667,1.0
666,668,1.0
667,668,1.0
666,669,1.0
668,669,1.0
666,670,1.0
669,670,1.0
666,671,1.0
670,671,1.0
672,673,1.0
672,674,1.0
673,674,1.0
672,675,1.0
674,675,1.0
666,676,1.0
671,676,1.0
672,676,1.0
673,676,1.0
666,677,1.0
672,677,1.0
676,677,1.0
1,678,1.0
5,678,1.0
678,679,1.0
1,680,1.0
678,680,1.0
678,681,1.0
679,681,1.0
680,681,1.0
18,682,1.0
682,683,1.0
682,684,1.0
15,685,1.0
682,685,1.0
18,686,1.0
682,686,1.0
683,686,1.0
682,687,1.0
683,687,1.0
684,687,1.0
684,688,1.0
685,688,1.0
682,689,1.0
684,689,1.0
685,689,1.0
688,689,1.0
15,690,1.0
18,690,1.0
682,690,1.0
685,690,1.0
12,691,1.0
683,691,1.0
684,691,1.0
687,691,1.0
11,692,1.0
688,692,1.0
691,692,1.0
12,693,1.0
683,693,1.0
691,693,1.0
684,694,1.0
688,694,1.0
691,694,1.0
692,694,1.0
11,695,1.0
12,695,1.0
691,695,1.0
692,695,1.0
11,696,1.0
688,696,1.0
692,696,1.0
11,697,1.0
696,697,1.0
688,698,1.0
696,698,1.0
696,699,1.0
697,699,1.0
698,699,1.0
1,700,1.0
1,701,1.0
700,701,1.0
700,702,1.0
1,703,1.0
700,703,1.0
700,704,1.0
701,704,1.0
702,704,1.0
700,705,1.0
702,705,1.0
703,705,1.0
685,706,1.0
702,706,1.0
15,707,1.0
704,707,1.0
706,707,1.0
688,708,1.0
705,708,1.0
706,708,1.0
702,709,1.0
704,709,1.0
706,709,1.0
707,709,1.0
15,710,1.0
685,710,1.0
706,710,1.0
707,710,1.0
685,711,1.0
688,711,1.0
706,711,1.0
708,711,1.0
702,712,1.0
705,712,1.0
706,712,1.0
708,712,1.0
698,713,1.0
703,713,1.0
708,713,1.0
1,714,1.0
699,714,1.0
713,714,1.0
688,715,1.0
698,715,1.0
708,715,1.0
713,715,1.0
698,716,1.0
699,716,1.0
713,716,1.0
714,716,1.0
1,717,1.0
703,717,1.0
713,717,1.0
714,717,1.0
703,718,1.0
705,718,1.0
708,718,1.0
713,718,1.0
680,719,1.0
701,719,1.0
681,720,1.0
719,720,1.0
704,721,1.0
719,721,1.0
720,722,1.0
721,722,1.0
1,723,1.0
680,723,1.0
701,723,1.0
719,723,1.0
680,724,1.0
681,724,1.0
719,724,1.0
720,724,1.0
719,725,1.0
720,725,1.0
721,725,1.0
722,725,1.0
701,726,1.0
704,726,1.0
719,726,1.0
721,726,1.0
722,727,1.0
727,728,1.0
722,729,1.0
727,729,1.0
722,730,1.0
727,730,1.0
727,731,1.0
728,731,1.0
730,731,1.0
727,732,1.0
728,732,1.0
729,732,1.0
722,733,1.0
730,733,1.0
731,733,1.0
731,734,1.0
733,734,1.0
722,735,1.0
733,735,1.0
728,736,1.0
731,736,1.0
734,736,1.0
15,737,1.0
736,737,1.0
15,738,1.0
732,738,1.0
736,738,1.0
734,739,1.0
736,739,1.0
737,739,1.0
728,740,1.0
732,740,1.0
736,740,1.0
738,740,1.0
15,741,1.0
736,741,1.0
737,741,1.0
738,741,1.0
707,742,1.0
721,742,1.0
729,742,1.0
732,742,1.0
738,742,1.0
15,743,1.0
707,743,1.0
738,743,1.0
742,743,1.0
721,744,1.0
722,744,1.0
729,744,1.0
742,744,1.0
704,745,1.0
707,745,1.0
721,745,1.0
742,745,1.0
679,746,1.0
681,746,1.0
720,746,1.0
722,746,1.0
735,746,1.0
15,747,1.0
737,747,1.0
747,748,1.0
15,749,1.0
747,749,1.0
747,750,1.0
748,750,1.0
749,750,1.0
748,752,1.0
750,752,1.0
751,752,1.0
751,753,1.0
752,753,1.0
750,754,1.0
751,754,1.0
752,754,1.0
2,755,1.0
3,755,1.0
2,756,1.0
755,756,1.0
755,757,1.0
755,758,1.0
756,758,1.0
757,758,1.0
6,759,1.0
714,759,1.0
2,760,1.0
759,760,1.0
699,761,1.0
759,761,1.0
760,762,1.0
761,762,1.0
2,763,1.0
6,763,1.0
759,763,1.0
760,763,1.0
1,764,1.0
6,764,1.0
714,764,1.0
759,764,1.0
699,765,1.0
714,765,1.0
759,765,1.0
761,765,1.0
759,766,1.0
760,766,1.0
761,766,1.0
762,766,1.0
11,767,1.0
697,767,1.0
699,767,1.0
11,768,1.0
767,768,1.0
699,769,1.0
767,769,1.0
767,770,1.0
768,770,1.0
769,770,1.0
7,771,1.0
21,771,1.0
22,771,1.0
22,772,1.0
771,772,1.0
7,773,1.0
771,773,1.0
771,774,1.0
772,774,1.0
773,774,1.0
27,775,1.0
772,775,1.0
28,776,1.0
770,776,1.0
775,776,1.0
770,777,1.0
774,777,1.0
775,777,1.0
22,778,1.0
27,778,1.0
772,778,1.0
775,778,1.0
27,779,1.0
28,779,1.0
775,779,1.0
776,779,1.0
770,780,1.0
775,780,1.0
776,780,1.0
777,780,1.0
772,781,1.0
774,781,1.0
775,781,1.0
777,781,1.0
14,782,1.0
768,782,1.0
773,782,1.0
777,782,1.0
768,783,1.0
770,783,1.0
777,783,1.0
782,783,1.0
11,784,1.0
14,784,1.0
768,784,1.0
782,784,1.0
7,785,1.0
14,785,1.0
773,785,1.0
782,785,1.0
773,786,1.0
774,786,1.0
777,786,1.0
782,786,1.0
36,787,1.0
38,787,1.0
787,788,1.0
29,789,1.0
787,789,1.0
36,790,1.0
787,790,1.0
788,790,1.0
787,791,1.0
788,791,1.0
789,791,1.0
29,792,1.0
38,792,1.0
787,792,1.0
789,792,1.0
33,793,1.0
36,793,1.0
38,793,1.0
787,793,1.0
788,794,1.0
789,794,1.0
791,794,1.0
794,795,1.0
29,796,1.0
794,796,1.0
788,797,1.0
794,797,1.0
795,797,1.0
795,798,1.0
796,798,1.0
29,799,1.0
789,799,1.0
794,799,1.0
796,799,1.0
794,800,1.0
795,800,1.0
796,800,1.0
798,800,1.0
40,801,1.0
41,801,1.0
795,801,1.0
798,801,1.0
40,802,1.0
798,802,1.0
801,802,1.0
796,803,1.0
802,803,1.0
40,804,1.0
803,804,1.0
29,805,1.0
803,805,1.0
804,806,1.0
805,806,1.0
40,807,1.0
802,807,1.0
803,807,1.0
804,807,1.0
803,808,1.0
804,808,1.0
805,808,1.0
806,808,1.0
29,809,1.0
796,809,1.0
803,809,1.0
805,809,1.0
796,810,1.0
798,810,1.0
802,810,1.0
803,810,1.0
40,811,1.0
762,811,1.0
40,812,1.0
762,812,1.0
811,812,1.0
762,813,1.0
811,813,1.0
40,814,1.0
811,814,1.0
811,815,1.0
813,815,1.0
814,815,1.0
761,816,1.0
769,816,1.0
813,816,1.0
770,817,1.0
815,817,1.0
816,817,1.0
761,818,1.0
762,818,1.0
813,818,1.0
816,818,1.0
699,819,1.0
761,819,1.0
769,819,1.0
816,819,1.0
769,820,1.0
770,820,1.0
816,820,1.0
817,820,1.0
813,821,1.0
815,821,1.0
816,821,1.0
817,821,1.0
804,822,1.0
814,822,1.0
817,822,1.0
770,823,1.0
806,823,1.0
822,823,1.0
770,824,1.0
817,824,1.0
822,824,1.0
823,824,1.0
804,825,1.0
806,825,1.0
822,825,1.0
823,825,1.0
40,826,1.0
804,826,1.0
814,826,1.0
822,826,1.0
814,827,1.0
815,827,1.0
817,827,1.0
822,827,1.0
32,828,1.0
776,828,1.0
805,828,1.0
823,828,1.0
770,829,1.0
776,829,1.0
823,829,1.0
828,829,1.0
28,830,1.0
32,830,1.0
776,830,1.0
828,830,1.0
29,831,1.0
32,831,1.0
805,831,1.0
828,831,1.0
805,832,1.0
806,832,1.0
823,832,1.0
828,832,1.0
649,833,1.0
650,833,1.0
653,833,1.0
650,834,1.0
833,834,1.0
649,835,1.0
833,835,1.0
833,836,1.0
834,836,1.0
835,836,1.0
652,837,1.0
837,838,1.0
837,839,1.0
650,840,1.0
837,840,1.0
652,841,1.0
837,841,1.0
838,841,1.0
837,842,1.0
838,842,1.0
839,842,1.0
839,843,1.0
840,843,1.0
837,844,1.0
839,844,1.0
840,844,1.0
843,844,1.0
650,845,1.0
652,845,1.0
837,845,1.0
840,845,1.0
655,846,1.0
838,846,1.0
839,846,1.0
842,846,1.0
654,847,1.0
843,847,1.0
846,847,1.0
655,848,1.0
838,848,1.0
846,848,1.0
839,849,1.0
843,849,1.0
846,849,1.0
847,849,1.0
654,850,1.0
655,850,1.0
846,850,1.0
847,850,1.0
654,851,1.0
660,851,1.0
661,851,1.0
843,851,1.0
847,851,1.0
661,852,1.0
843,852,1.0
851,852,1.0
662,853,1.0
664,853,1.0
853,854,1.0
662,855,1.0
853,855,1.0
853,856,1.0
854,856,1.0
855,856,1.0
675,857,1.0
677,857,1.0
857,858,1.0
666,859,1.0
857,859,1.0
675,860,1.0
857,860,1.0
858,860,1.0
857,861,1.0
858,861,1.0
859,861,1.0
666,862,1.0
677,862,1.0
857,862,1.0
859,862,1.0
672,863,1.0
675,863,1.0
677,863,1.0
857,863,1.0
858,864,1.0
859,864,1.0
861,864,1.0
864,865,1.0
666,866,1.0
864,866,1.0
858,867,1.0
864,867,1.0
865,867,1.0
865,868,1.0
866,868,1.0
666,869,1.0
859,869,1.0
864,869,1.0
866,869,1.0
864,870,1.0
865,870,1.0
866,870,1.0
868,870,1.0
15,871,1.0
749,871,1.0
750,871,1.0
15,872,1.0
871,872,1.0
750,873,1.0
871,873,1.0
871,874,1.0
872,874,1.0
873,874,1.0
750,875,1.0
751,875,1.0
754,875,1.0
873,875,1.0
874,875,1.0
751,876,1.0
874,876,1.0
875,876,1.0
872,877,1.0
874,877,1.0
876,877,1.0
751,878,1.0
877,878,1.0
15,879,1.0
877,879,1.0
878,880,1.0
879,880,1.0
751,881,1.0
876,881,1.0
877,881,1.0
878,881,1.0
15,882,1.0
872,882,1.0
877,882,1.0
879,882,1.0
877,883,1.0
878,883,1.0
879,883,1.0
880,883,1.0
880,884,1.0
884,885,1.0
880,886,1.0
884,886,1.0
880,887,1.0
884,887,1.0
884,888,1.0
885,888,1.0
886,888,1.0
751,889,1.0
753,889,1.0
878,889,1.0
880,889,1.0
887,889,1.0
879,890,1.0
880,891,1.0
890,891,1.0
890,892,1.0
15,893,1.0
890,893,1.0
890,894,1.0
891,894,1.0
892,894,1.0
892,895,1.0
893,895,1.0
879,896,1.0
880,896,1.0
890,896,1.0
891,896,1.0
890,897,1.0
892,897,1.0
893,897,1.0
895,897,1.0
15,898,1.0
879,898,1.0
890,898,1.0
893,898,1.0
886,899,1.0
891,899,1.0
892,899,1.0
894,899,1.0
888,900,1.0
895,900,1.0
899,900,1.0
880,901,1.0
886,901,1.0
891,901,1.0
899,901,1.0
892,902,1.0
895,902,1.0
899,902,1.0
900,902,1.0
886,903,1.0
888,903,1.0
899,903,1.0
900,903,1.0
758,904,1.0
888,904,1.0
758,905,1.0
888,905,1.0
904,905,1.0
758,906,1.0
904,906,1.0
888,907,1.0
904,907,1.0
904,908,1.0
906,908,1.0
907,908,1.0
2,909,1.0
756,909,1.0
758,909,1.0
2,910,1.0
909,910,1.0
758,911,1.0
909,911,1.0
909,912,1.0
910,912,1.0
911,912,1.0
650,913,1.0
834,913,1.0
836,913,1.0
650,914,1.0
913,914,1.0
836,915,1.0
913,915,1.0
913,916,1.0
914,916,1.0
915,916,1.0
916,918,1.0
917,918,1.0
916,919,1.0
917,919,1.0
843,920,1.0
917,920,1.0
843,921,1.0
917,921,1.0
917,922,1.0
919,922,1.0
920,922,1.0
918,923,1.0
921,923,1.0
916,924,1.0
917,924,1.0
918,924,1.0
919,924,1.0
843,925,1.0
917,925,1.0
920,925,1.0
921,925,1.0
917,926,1.0
918,926,1.0
921,926,1.0
923,926,1.0
840,927,1.0
914,927,1.0
919,927,1.0
920,927,1.0
922,927,1.0
914,928,1.0
916,928,1.0
919,928,1.0
927,928,1.0
840,929,1.0
843,929,1.0
920,929,1.0
927,929,1.0
650,930,1.0
840,930,1.0
914,930,1.0
927,930,1.0
915,931,1.0
918,931,1.0
762,932,1.0
923,932,1.0
931,932,1.0
762,933,1.0
836,933,1.0
931,933,1.0
918,934,1.0
923,934,1.0
931,934,1.0
932,934,1.0
762,935,1.0
931,935,1.0
932,935,1.0
933,935,1.0
836,936,1.0
915,936,1.0
931,936,1.0
933,936,1.0
915,937,1.0
916,937,1.0
918,937,1.0
931,937,1.0
843,938,1.0
912,938,1.0
921,938,1.0
923,938,1.0
843,939,1.0
912,939,1.0
938,939,1.0
912,940,1.0
923,940,1.0
938,940,1.0
760,941,1.0
910,941,1.0
932,941,1.0
940,941,1.0
910,942,1.0
912,942,1.0
940,942,1.0
941,942,1.0
2,943,1.0
760,943,1.0
910,943,1.0
941,943,1.0
760,944,1.0
762,944,1.0
932,944,1.0
941,944,1.0
923,945,1.0
932,945,1.0
940,945,1.0
941,945,1.0
906,946,1.0
911,946,1.0
939,946,1.0
843,947,1.0
908,947,1.0
946,947,1.0
843,948,1.0
939,948,1.0
946,948,1.0
947,948,1.0
906,949,1.0
908,949,1.0
946,949,1.0
947,949,1.0
758,950,1.0
906,950,1.0
911,950,1.0
946,950,1.0
911,951,1.0
912,951,1.0
939,951,1.0
946,951,1.0
843,953,1.0
952,953,1.0
843,954,1.0
856,954,1.0
952,954,1.0
856,955,1.0
868,955,1.0
952,955,1.0
868,956,1.0
952,956,1.0
953,957,1.0
956,957,1.0
843,958,1.0
952,958,1.0
953,958,1.0
954,958,1.0
856,959,1.0
952,959,1.0
954,959,1.0
955,959,1.0
868,960,1.0
952,960,1.0
955,960,1.0
956,960,1.0
952,961,1.0
953,961,1.0
956,961,1.0
957,961,1.0
868,962,1.0
895,962,1.0
956,962,1.0
957,962,1.0
868,963,1.0
895,963,1.0
962,963,1.0
895,964,1.0
957,964,1.0
962,964,1.0
900,965,1.0
907,965,1.0
895,966,1.0
965,966,1.0
908,967,1.0
965,967,1.0
966,968,1.0
967,968,1.0
895,969,1.0
900,969,1.0
965,969,1.0
966,969,1.0
888,970,1.0
900,970,1.0
907,970,1.0
965,970,1.0
907,971,1.0
908,971,1.0
965,971,1.0
967,971,1.0
965,972,1.0
966,972,1.0
967,972,1.0
968,972,1.0
947,973,1.0
967,973,1.0
843,974,1.0
973,974,1.0
968,975,1.0
973,975,1.0
973,976,1.0
974,976,1.0
975,976,1.0
843,977,1.0
947,977,1.0
973,977,1.0
974,977,1.0
967,978,1.0
968,978,1.0
973,978,1.0
975,978,1.0
908,979,1.0
947,979,1.0
967,979,1.0
973,979,1.0
953,980,1.0
974,980,1.0
975,980,1.0
976,980,1.0
957,981,1.0
968,981,1.0
980,981,1.0
843,982,1.0
953,982,1.0
974,982,1.0
980,982,1.0
968,983,1.0
975,983,1.0
980,983,1.0
981,983,1.0
953,984,1.0
957,984,1.0
980,984,1.0
981,984,1.0
895,985,1.0
957,985,1.0
964,985,1.0
966,985,1.0
968,985,1.0
981,985,1.0
865,986,1.0
963,986,1.0
986,987,1.0
895,988,1.0
986,988,1.0
865,989,1.0
986,989,1.0
987,989,1.0
986,990,1.0
987,990,1.0
988,990,1.0
895,991,1.0
963,991,1.0
986,991,1.0
988,991,1.0
865,992,1.0
868,992,1.0
963,992,1.0
986,992,1.0
16,993,1.0
893,993,1.0
987,993,1.0
988,993,1.0
990,993,1.0
16,994,1.0
987,994,1.0
993,994,1.0
893,995,1.0
895,995,1.0
988,995,1.0
993,995,1.0
15,996,1.0
16,996,1.0
893,996,1.0
993,996,1.0
667,997,1.0
854,997,1.0
866,997,1.0
955,997,1.0
667,998,1.0
854,998,1.0
997,998,1.0
854,999,1.0
856,999,1.0
955,999,1.0
997,999,1.0
666,1000,1.0
667,1000,1.0
866,1000,1.0
997,1000,1.0
866,1001,1.0
868,1001,1.0
955,1001,1.0
997,1001,1.0
665,1002,1.0
852,1002,1.0
662,1003,1.0
1002,1003,1.0
843,1004,1.0
1002,1004,1.0
1002,1005,1.0
1003,1005,1.0
1004,1005,1.0
662,1006,1.0
665,1006,1.0
1002,1006,1.0
1003,1006,1.0
843,1007,1.0
852,1007,1.0
1002,1007,1.0
1004,1007,1.0
661,1008,1.0
665,1008,1.0
852,1008,1.0
1002,1008,1.0
855,1009,1.0
954,1009,1.0
1003,1009,1.0
1004,1009,1.0
1005,1009,1.0
662,1010,1.0
855,1010,1.0
1003,1010,1.0
1009,1010,1.0
843,1011,1.0
954,1011,1.0
1004,1011,1.0
1009,1011,1.0
855,1012,1.0
856,1012,1.0
954,1012,1.0
1009,1012,1.0
812,1013,1.0
933,1013,1.0
40,1014,1.0
1013,1014,1.0
836,1015,1.0
1013,1015,1.0
1013,1016,1.0
1014,1016,1.0
1015,1016,1.0
40,1017,1.0
812,1017,1.0
1013,1017,1.0
1014,1017,1.0
836,1018,1.0
933,1018,1.0
1013,1018,1.0
1015,1018,1.0
762,1019,1.0
812,1019,1.0
933,1019,1.0
1013,1019,1.0
648,1020,1.0
835,1020,1.0
1014,1020,1.0
1015,1020,1.0
1016,1020,1.0
40,1021,1.0
648,1021,1.0
1014,1021,1.0
1020,1021,1.0
835,1022,1.0
836,1022,1.0
1015,1022,1.0
1020,1022,1.0
648,1023,1.0
649,1023,1.0
835,1023,1.0
1020,1023,1.0
757,1024,1.0
758,1024,1.0
885,1024,1.0
888,1024,1.0
905,1024,1.0
