4.286559e+02,7.771359e+02
4.149386e+02,7.546064e+02
4.141642e+02,7.677721e+02
4.182777e+02,7.680141e+02
4.166041e+02,7.717795e+02
4.217973e+02,7.658711e+02
5.094492e+02,8.374513e+02
4.891208e+02,8.389034e+02
4.920914e+02,8.804921e+02
5.230828e+02,8.525998e+02
4.769020e+02,8.129138e+02
4.811005e+02,8.328568e+02
4.885764e+02,8.312830e+02
4.931756e+02,8.251826e+02
3.936485e+02,8.192763e+02
3.780392e+02,8.464124e+02
3.884007e+02,8.523726e+02
4.000977e+02,8.499101e+02
5.383533e+02,8.388564e+02
5.536237e+02,8.251130e+02
5.244879e+02,8.236967e+02
5.397697e+02,8.097197e+02
5.623902e+02,8.172232e+02
5.600771e+02,8.056582e+02
5.570625e+02,7.905850e+02
5.540479e+02,7.755119e+02
5.417622e+02,7.891061e+02
5.428599e+02,7.777495e+02
5.618200e+02,7.650521e+02
5.536028e+02,7.732865e+02
5.554911e+02,7.745454e+02
5.523400e+02,7.714008e+02
5.678051e+02,7.786317e+02
5.659022e+02,7.814860e+02
5.694200e+02,7.838313e+02
5.709903e+02,7.799057e+02
5.606967e+02,7.780157e+02
5.664215e+02,7.754925e+02
7.089851e+02,5.864251e+02
5.249586e+02,6.377694e+02
6.136536e+02,6.732474e+02
6.256591e+02,6.432337e+02
6.514687e+02,6.626968e+02
6.169718e+02,6.120972e+02
7.401954e+02,7.007828e+02
7.263396e+02,7.191568e+02
7.328647e+02,7.240773e+02
7.410317e+02,7.237803e+02
6.889042e+02,6.909268e+02
7.341364e+02,6.785821e+02
9.712706e+02,6.479598e+02
9.737200e+02,7.153190e+02
1.022847e+03,7.135325e+02
1.036157e+03,6.662090e+02
1.038444e+03,5.981388e+02
1.054066e+03,6.025325e+02
1.054482e+03,6.010545e+02
1.054613e+03,5.995247e+02
1.045111e+03,6.343708e+02
1.025409e+03,6.078063e+02
1.040490e+03,5.649491e+02
1.057452e+03,5.664030e+02
1.059754e+03,5.395431e+02
1.034512e+03,5.490088e+02
1.056032e+03,5.829638e+02
1.039442e+03,5.819410e+02
1.021305e+03,5.539615e+02
1.008098e+03,5.589142e+02
1.023716e+03,5.678592e+02
1.012201e+03,5.698570e+02
9.908478e+02,5.603507e+02
1.003515e+03,5.606327e+02
1.001725e+03,5.560774e+02
1.001524e+03,5.651039e+02
9.216198e+02,4.091390e+02
9.279225e+02,5.198530e+02
9.795295e+02,4.995788e+02
9.648506e+02,4.622144e+02
9.751943e+02,4.234255e+02
9.247711e+02,4.644960e+02
9.683992e+02,3.090372e+02
1.003222e+03,3.183232e+02
1.007030e+03,3.040422e+02
9.997144e+02,2.911995e+02
9.077329e+02,1.951105e+02
9.358554e+02,1.790914e+02
9.279438e+02,1.652021e+02
9.121058e+02,1.630424e+02
8.506151e+02,1.546573e+02
8.789340e+02,2.098792e+02
8.877484e+02,3.545427e+02
8.725900e+02,3.832468e+02
9.201985e+02,3.537106e+02
9.029067e+02,3.258386e+02
9.197113e+02,3.347129e+02
9.749465e+02,3.670713e+02
9.365210e+02,3.258483e+02
9.892080e+02,3.708744e+02
9.476964e+02,3.885681e+02
9.698713e+02,3.220858e+02
9.283597e+02,3.397794e+02
9.306824e+02,3.195302e+02
9.324193e+02,3.111046e+02
9.279919e+02,3.113590e+02
9.228508e+02,3.159701e+02
9.302056e+02,3.112318e+02
9.235808e+02,3.116124e+02
9.344702e+02,3.184764e+02
9.254214e+02,3.136645e+02
9.296859e+02,3.209092e+02
9.299017e+02,3.059430e+02
9.332114e+02,3.012498e+02
9.243107e+02,3.072547e+02
9.255988e+02,2.995650e+02
9.328153e+02,3.061772e+02
9.261513e+02,3.093068e+02
9.287610e+02,3.042522e+02
9.112902e+02,3.176938e+02
9.132894e+02,3.061777e+02
9.196737e+02,3.095491e+02
9.080981e+02,3.160081e+02
9.164815e+02,3.078634e+02
9.212622e+02,3.127596e+02
9.128788e+02,3.209044e+02
9.191890e+02,3.027366e+02
9.187043e+02,2.959241e+02
9.159968e+02,3.010509e+02
9.219922e+02,3.084019e+02
9.215075e+02,3.015894e+02
9.513899e+02,2.063657e+02
9.246050e+02,2.227297e+02
9.669245e+02,2.336400e+02
9.669267e+02,2.336388e+02
9.404740e+02,2.487068e+02
9.669256e+02,2.336394e+02
9.513910e+02,2.063651e+02
9.457647e+02,2.281849e+02
9.302302e+02,2.009105e+02
9.833194e+02,2.624198e+02
9.532607e+02,2.763317e+02
9.833205e+02,2.624191e+02
9.600926e+02,2.549859e+02
9.764876e+02,2.837656e+02
8.961607e+02,2.362383e+02
9.075137e+02,2.656095e+02
9.133874e+02,2.625974e+02
8.932239e+02,2.377443e+02
9.104505e+02,2.641034e+02
9.189962e+02,2.426635e+02
9.017695e+02,2.163044e+02
9.160710e+02,2.750634e+02
9.187547e+02,2.875295e+02
9.287065e+02,2.767810e+02
9.131342e+02,2.765695e+02
9.256924e+02,2.839716e+02
9.210469e+02,2.696892e+02
9.237306e+02,2.821552e+02
9.411772e+02,2.871341e+02
9.256456e+02,2.917683e+02
9.271760e+02,2.842746e+02
9.294285e+02,2.965090e+02
9.432361e+02,2.887907e+02
9.409836e+02,2.765563e+02
9.209139e+02,2.917399e+02
8.570968e+02,4.125851e+02
8.416035e+02,4.419233e+02
8.756268e+02,4.401062e+02
8.591588e+02,4.511941e+02
8.202157e+02,4.589383e+02
8.383128e+02,4.481547e+02
8.328885e+02,4.436564e+02
8.396872e+02,4.550662e+02
7.397476e+02,4.385438e+02
7.751878e+02,3.958071e+02
7.662566e+02,3.884007e+02
7.551068e+02,3.851909e+02
7.854335e+02,6.565852e+02
7.928789e+02,6.321123e+02
7.616880e+02,6.660988e+02
7.673880e+02,6.747157e+02
7.895877e+02,6.818260e+02
7.645380e+02,6.704073e+02
7.756339e+02,6.871815e+02
8.450668e+02,6.605331e+02
7.772834e+02,6.491056e+02
7.784878e+02,6.782709e+02
7.912333e+02,6.569692e+02
7.510722e+02,6.793147e+02
7.616801e+02,6.925370e+02
7.479122e+02,6.723404e+02
7.645340e+02,6.836264e+02
7.479082e+02,6.855595e+02
8.117017e+02,7.110183e+02
8.472263e+02,7.199187e+02
7.769173e+02,7.224754e+02
7.761770e+02,7.021179e+02
8.120718e+02,7.211971e+02
7.765472e+02,7.122966e+02
7.828824e+02,6.919719e+02
8.184070e+02,7.008724e+02
7.586044e+02,7.129491e+02
7.589745e+02,7.231279e+02
7.689286e+02,6.973274e+02
7.513559e+02,7.081587e+02
9.104732e+02,7.176188e+02
9.041990e+02,6.546419e+02
1.019760e+03,6.001901e+02
1.023622e+03,5.915297e+02
1.012229e+03,5.944281e+02
1.016781e+03,5.884793e+02
1.027273e+03,5.797088e+02
1.014992e+03,5.812057e+02
1.031532e+03,5.867354e+02
1.031579e+03,5.749001e+02
1.019354e+03,5.745325e+02
1.019307e+03,5.863677e+02
9.992839e+02,5.701366e+02
9.939759e+02,5.716112e+02
1.001740e+03,5.750677e+02
9.957632e+02,5.780448e+02
9.730749e+02,5.592599e+02
9.803205e+02,5.654262e+02
9.810202e+02,5.540259e+02
9.745476e+02,5.498602e+02
9.639608e+02,5.619905e+02
9.777839e+02,5.519430e+02
9.708177e+02,5.700078e+02
9.806704e+02,5.597261e+02
9.692542e+02,5.559253e+02
9.721407e+02,5.637084e+02
9.804478e+02,5.250573e+02
9.971173e+02,5.443478e+02
9.813660e+02,5.505358e+02
9.883234e+02,5.219633e+02
9.892417e+02,5.474418e+02
9.779568e+02,5.501980e+02
9.770385e+02,5.247195e+02
9.820864e+02,5.523693e+02
9.897363e+02,5.514175e+02
9.994213e+02,5.502126e+02
8.900863e+02,4.726776e+02
8.745699e+02,5.047589e+02
8.545165e+02,4.704965e+02
8.480787e+02,4.972642e+02
8.996705e+02,4.846275e+02
9.001990e+02,4.523011e+02
8.650716e+02,4.553014e+02
8.645432e+02,4.876277e+02
8.421650e+02,4.675259e+02
8.318897e+02,4.749960e+02
7.931248e+02,4.694717e+02
8.093207e+02,4.755345e+02
8.009713e+02,4.540608e+02
7.935656e+02,4.521839e+02
7.783455e+02,4.784516e+02
7.972685e+02,4.531223e+02
7.956560e+02,4.963496e+02
8.051460e+02,4.647976e+02
7.859556e+02,4.653177e+02
7.938331e+02,4.769930e+02
7.950515e+02,4.463214e+02
7.997069e+02,4.501819e+02
7.951996e+02,4.398040e+02
8.080704e+02,4.400965e+02
7.958108e+02,4.129091e+02
8.164339e+02,4.300111e+02
8.015641e+02,4.517221e+02
8.114546e+02,4.453467e+02
8.246612e+02,4.368338e+02
9.407066e+02,5.812275e+02
9.204904e+02,6.036357e+02
9.708790e+02,5.805573e+02
9.117057e+02,5.728751e+02
9.061310e+02,5.911019e+02
9.456847e+02,5.920965e+02
9.674199e+02,5.712739e+02
9.378332e+02,5.674328e+02
9.160981e+02,5.882554e+02
8.950655e+02,5.677857e+02
8.843173e+02,5.541009e+02
8.884859e+02,5.838950e+02
8.607870e+02,5.725818e+02
8.875536e+02,6.212205e+02
8.555225e+02,6.020352e+02
8.720042e+02,5.929651e+02
8.798608e+02,6.283386e+02
9.123447e+02,6.291388e+02
9.044882e+02,5.937653e+02
8.608331e+02,5.331063e+02
8.322770e+02,5.198088e+02
8.373000e+02,5.540459e+02
8.186155e+02,5.393001e+02
8.794436e+02,5.294299e+02
8.534234e+02,5.122839e+02
8.347885e+02,5.369274e+02
8.608086e+02,5.540734e+02
8.117745e+02,5.911929e+02
7.967479e+02,5.487000e+02
8.170239e+02,5.513730e+02
7.948134e+02,5.904062e+02
8.242007e+02,6.170738e+02
8.464113e+02,5.780406e+02
8.202967e+02,5.114118e+02
8.205519e+02,4.967840e+02
8.073944e+02,5.183088e+02
7.633086e+02,5.199252e+02
7.284404e+02,4.928998e+02
7.928700e+02,4.983802e+02
7.533929e+02,4.856757e+02
7.625941e+02,5.207999e+02
8.020711e+02,5.335044e+02
8.207913e+02,4.830646e+02
9.830240e+02,5.776244e+02
9.935556e+02,5.843466e+02
9.822173e+02,5.824520e+02
9.937658e+02,5.779789e+02
9.871482e+02,5.685187e+02
9.755998e+02,5.729918e+02
1.004741e+03,5.859636e+02
1.002892e+03,5.893874e+02
1.013611e+03,5.878169e+02
1.008366e+03,5.781367e+02
9.976479e+02,5.797072e+02
6.544472e+02,3.971176e+02
6.653215e+02,3.593436e+02
6.502636e+02,3.550088e+02
6.363530e+02,3.622217e+02
7.102141e+02,3.722673e+02
6.898060e+02,4.142896e+02
5.980822e+02,3.804150e+02
6.065651e+02,3.826011e+02
6.045489e+02,3.787127e+02
6.028120e+02,3.796134e+02
6.017266e+02,3.779854e+02
6.023237e+02,3.815080e+02
6.006533e+02,3.763754e+02
5.995800e+02,3.747654e+02
5.987403e+02,3.760847e+02
5.988688e+02,3.752396e+02
5.987094e+02,3.735375e+02
5.992970e+02,3.743409e+02
5.994963e+02,3.738713e+02
5.987891e+02,3.743885e+02
5.934184e+02,3.159708e+02
6.193864e+02,3.269875e+02
6.239016e+02,3.163445e+02
6.196486e+02,3.055940e+02
5.394753e+02,1.827165e+02
5.667666e+02,1.719200e+02
5.606327e+02,1.564148e+02
5.441733e+02,1.537457e+02
4.956063e+02,1.458699e+02
5.117510e+02,1.923471e+02
6.087460e+02,2.780344e+02
5.978433e+02,2.504748e+02
5.817586e+02,2.902851e+02
5.688870e+02,2.619301e+02
5.394714e+02,2.721481e+02
5.489898e+02,2.842752e+02
5.490391e+02,2.996915e+02
5.585082e+02,2.964023e+02
5.621352e+02,2.923291e+02
5.442552e+02,2.859198e+02
5.537736e+02,2.980469e+02
5.614581e+02,2.953776e+02
5.603217e+02,2.943657e+02
5.508033e+02,2.822386e+02
5.590800e+02,2.980482e+02
5.607810e+02,2.984261e+02
5.554978e+02,3.005328e+02
5.591451e+02,3.057914e+02
5.505285e+02,3.039793e+02
5.520180e+02,3.082671e+02
5.726293e+02,2.978588e+02
5.663776e+02,3.079395e+02
5.635793e+02,3.031828e+02
5.719469e+02,2.913071e+02
5.740681e+02,2.991123e+02
5.576742e+02,3.208092e+02
5.536028e+02,3.128295e+02
5.511629e+02,3.169977e+02
5.584096e+02,3.133003e+02
4.843088e+02,3.735501e+02
5.374224e+02,3.985885e+02
5.120845e+02,3.837566e+02
5.114236e+02,3.848858e+02
5.118740e+02,3.836573e+02
5.108656e+02,3.860693e+02
5.101252e+02,3.322624e+02
5.282782e+02,3.389185e+02
5.307557e+02,3.321617e+02
5.282124e+02,3.254294e+02
5.200761e+02,3.612879e+02
4.998745e+02,3.486562e+02
4.497989e+02,2.019500e+02
4.775973e+02,1.914484e+02
4.710018e+02,1.739895e+02
4.524108e+02,1.723491e+02
4.112478e+02,1.687170e+02
4.209061e+02,2.088954e+02
4.550530e+02,3.637251e+02
4.549508e+02,3.732344e+02
4.607112e+02,3.560816e+02
4.551553e+02,3.542158e+02
4.582354e+02,3.542489e+02
4.887880e+02,3.417240e+02
4.910932e+02,3.288535e+02
4.762188e+02,3.453269e+02
4.704363e+02,3.251536e+02
4.707403e+02,2.699955e+02
4.375136e+02,2.779827e+02
5.027084e+02,2.579187e+02
4.437727e+02,3.040206e+02
4.500318e+02,3.300585e+02
4.705519e+02,3.041682e+02
5.066868e+02,2.949885e+02
5.154604e+02,2.916741e+02
4.808226e+02,3.165109e+02
5.096528e+02,3.271415e+02
4.866301e+02,2.810435e+02
4.618827e+02,3.521457e+02
4.606217e+02,3.482375e+02
4.578894e+02,3.511881e+02
4.657598e+02,3.507920e+02
4.575433e+02,3.481272e+02
4.637697e+02,3.483503e+02
4.592555e+02,3.497128e+02
4.593003e+02,3.536348e+02
4.632355e+02,3.534368e+02
4.631907e+02,3.495148e+02
4.704287e+02,3.469866e+02
4.646397e+02,3.453229e+02
4.542663e+02,3.373862e+02
4.538249e+02,3.458379e+02
4.585008e+02,3.447139e+02
4.601658e+02,3.434543e+02
4.519284e+02,3.379482e+02
4.561629e+02,3.452759e+02
4.596083e+02,3.444477e+02
4.593333e+02,3.440841e+02
4.550988e+02,3.367564e+02
4.586171e+02,3.451976e+02
4.590508e+02,3.454410e+02
4.565982e+02,3.461750e+02
4.541866e+02,3.473425e+02
4.545483e+02,3.488472e+02
4.618522e+02,3.457069e+02
4.598363e+02,3.468393e+02
4.624027e+02,3.443886e+02
4.626307e+02,3.467802e+02
4.551845e+02,3.514938e+02
4.405992e+02,5.752293e+02
4.315226e+02,6.178894e+02
4.787795e+02,5.541453e+02
4.496758e+02,5.325692e+02
4.691532e+02,5.367133e+02
6.038549e+02,5.650839e+02
6.342654e+02,5.269065e+02
5.580721e+02,5.481648e+02
5.814697e+02,4.848515e+02
6.811110e+02,4.321933e+02
6.615337e+02,4.357816e+02
6.857713e+02,4.515435e+02
6.653252e+02,4.564678e+02
6.243429e+02,3.720987e+02
6.093500e+02,3.762232e+02
6.123327e+02,3.819756e+02
6.168299e+02,3.857131e+02
6.228515e+02,3.692225e+02
6.108414e+02,3.790994e+02
6.137933e+02,3.847925e+02
6.145813e+02,3.838444e+02
6.265915e+02,3.739674e+02
6.111450e+02,3.825915e+02
6.107568e+02,3.838719e+02
6.093114e+02,3.803523e+02
6.069495e+02,3.774680e+02
6.113856e+02,3.927344e+02
6.049064e+02,3.866549e+02
6.153035e+02,4.007088e+02
5.985261e+02,4.022480e+02
6.078316e+02,3.852634e+02
6.160667e+02,3.932109e+02
6.101050e+02,3.936818e+02
5.976100e+02,3.752034e+02
5.966565e+02,3.762735e+02
5.978955e+02,3.737989e+02
5.960128e+02,3.744037e+02
5.976984e+02,3.761791e+02
5.987647e+02,3.752366e+02
5.983423e+02,3.740937e+02
5.972760e+02,3.750362e+02
5.664594e+02,3.282819e+02
5.722525e+02,3.346177e+02
5.654651e+02,3.197546e+02
5.651508e+02,3.197972e+02
5.578746e+02,3.283514e+02
5.653080e+02,3.197759e+02
5.583663e+02,3.468512e+02
5.688588e+02,3.271861e+02
5.615127e+02,3.240743e+02
5.650636e+02,3.314845e+02
5.644905e+02,3.137366e+02
5.659214e+02,3.138471e+02
5.617802e+02,3.165487e+02
5.623936e+02,3.106199e+02
5.200457e+02,3.701563e+02
5.357801e+02,3.692747e+02
5.280068e+02,3.565560e+02
5.353069e+02,3.608292e+02
5.530586e+02,3.701827e+02
5.630684e+02,3.842958e+02
5.684848e+02,3.623465e+02
5.425405e+02,3.564444e+02
5.775483e+02,3.762261e+02
5.494242e+02,3.767853e+02
5.657766e+02,3.733211e+02
5.555126e+02,3.593954e+02
5.391603e+02,3.628596e+02
5.467790e+02,3.272500e+02
5.399858e+02,3.360919e+02
5.423950e+02,3.375022e+02
5.455743e+02,3.265448e+02
5.411904e+02,3.367971e+02
5.501348e+02,3.329268e+02
5.545188e+02,3.226746e+02
5.352009e+02,3.470291e+02
5.339963e+02,3.463240e+02
5.424678e+02,3.469733e+02
5.352737e+02,3.565002e+02
5.776642e+02,3.494734e+02
5.867317e+02,3.624255e+02
5.925574e+02,3.441658e+02
5.922531e+02,3.541279e+02
5.776082e+02,3.623860e+02
5.896445e+02,3.532957e+02
5.824049e+02,3.393918e+02
5.703687e+02,3.484821e+02
5.908469e+02,3.651639e+02
5.927902e+02,3.697090e+02
5.955174e+02,3.635450e+02
5.970262e+02,3.678978e+02
6.013478e+02,3.638587e+02
6.012672e+02,3.696970e+02
6.054899e+02,3.597435e+02
6.014283e+02,3.580204e+02
6.033785e+02,3.647203e+02
6.034591e+02,3.588820e+02
5.984728e+02,3.607827e+02
5.983923e+02,3.666210e+02
6.104074e+02,3.425040e+02
6.124381e+02,3.433655e+02
5.969928e+02,3.510931e+02
6.059719e+02,3.355766e+02
5.937941e+02,3.720568e+02
5.940449e+02,3.745979e+02
5.963172e+02,3.724498e+02
5.973607e+02,3.728268e+02
5.984649e+02,3.727184e+02
5.983437e+02,3.723123e+02
5.984043e+02,3.725153e+02
5.981802e+02,3.732586e+02
5.973304e+02,3.723810e+02
5.971063e+02,3.731243e+02
5.999333e+02,3.711475e+02
5.998172e+02,3.731147e+02
5.985994e+02,3.725981e+02
6.005422e+02,3.714059e+02
5.992083e+02,3.728564e+02
5.984715e+02,3.724552e+02
5.998054e+02,3.710046e+02
5.985604e+02,3.726899e+02
5.990614e+02,3.730569e+02
5.996567e+02,3.734930e+02
5.942907e+02,3.770879e+02
5.937905e+02,3.795395e+02
5.712067e+02,4.088591e+02
5.507741e+02,4.247367e+02
5.951191e+02,4.187478e+02
5.879521e+02,3.891315e+02
5.569212e+02,4.045163e+02
5.729466e+02,4.217422e+02
5.915356e+02,4.039396e+02
5.755102e+02,3.867137e+02
5.964012e+02,3.877014e+02
5.964293e+02,3.878932e+02
6.036150e+02,3.840815e+02
5.980571e+02,3.805238e+02
5.908713e+02,3.843355e+02
6.266668e+02,4.337355e+02
6.454046e+02,4.632106e+02
6.202619e+02,4.409792e+02
6.534692e+02,4.494961e+02
6.384186e+02,4.182452e+02
6.052113e+02,4.097283e+02
6.784297e+02,5.018080e+02
6.398350e+02,4.950585e+02
6.813529e+02,5.099031e+02
7.071059e+02,4.722216e+02
6.655880e+02,4.573770e+02
4.766112e+02,4.070845e+02
5.153137e+02,4.179069e+02
4.542279e+02,4.404611e+02
4.545893e+02,4.068477e+02
4.890729e+02,4.408358e+02
5.130897e+02,4.019881e+02
4.829082e+02,3.796518e+02
4.847708e+02,4.291840e+02
4.824175e+02,5.181461e+02
4.713431e+02,5.169208e+02
4.871668e+02,5.282252e+02
4.892554e+02,5.093491e+02
4.735330e+02,4.971283e+02
5.035863e+02,5.204883e+02
4.915177e+02,5.439501e+02
5.078326e+02,5.437896e+02
5.068404e+02,5.383453e+02
5.073365e+02,5.410674e+02
4.933060e+02,5.489675e+02
4.970036e+02,5.332853e+02
4.829732e+02,5.411853e+02
5.337999e+02,5.362450e+02
5.200916e+02,5.129361e+02
5.329523e+02,5.459772e+02
5.134660e+02,5.256407e+02
5.390819e+02,5.305504e+02
5.057966e+02,5.014873e+02
5.139719e+02,4.850988e+02
4.919347e+02,4.895179e+02
5.025186e+02,4.851408e+02
5.170317e+02,4.990174e+02
5.029533e+02,4.873084e+02
4.905951e+02,4.994335e+02
5.046735e+02,5.111426e+02
5.139155e+02,4.697129e+02
5.205326e+02,4.558225e+02
4.991926e+02,4.741810e+02
4.680721e+02,4.688397e+02
4.536209e+02,4.969142e+02
4.539244e+02,4.686876e+02
4.767102e+02,4.573211e+02
4.727778e+02,4.932160e+02
4.955637e+02,4.818495e+02
5.303805e+02,4.351500e+02
4.534271e+02,5.149385e+02
4.252687e+02,6.472828e+02
4.190148e+02,6.766762e+02
4.369691e+02,6.749628e+02
4.282615e+02,6.786436e+02
4.117354e+02,6.878293e+02
4.182777e+02,6.801406e+02
4.149463e+02,6.789376e+02
4.199984e+02,6.832364e+02
3.344951e+02,6.651902e+02
3.393841e+02,6.516513e+02
2.917399e+02,6.344464e+02
3.232170e+02,6.741349e+02
3.275147e+02,6.795538e+02
3.318125e+02,6.849727e+02
3.344310e+02,6.795846e+02
3.344162e+02,6.829077e+02
3.308563e+02,6.885203e+02
3.321617e+02,6.854130e+02
3.316146e+02,6.852848e+02
3.326362e+02,6.857140e+02
2.283569e+02,7.056290e+02
2.382535e+02,6.634033e+02
2.196837e+02,6.590510e+02
2.039250e+02,6.697955e+02
1.810193e+02,6.854130e+02
1.855770e+02,7.127590e+02
1.928587e+02,7.360177e+02
1.895455e+02,7.365699e+02
1.898067e+02,7.381371e+02
1.911839e+02,7.389293e+02
1.875612e+02,7.246644e+02
1.954104e+02,7.338333e+02
4.142427e+02,7.770928e+02
4.118812e+02,7.824060e+02
4.165723e+02,7.824201e+02
4.142237e+02,7.834471e+02
4.218690e+02,8.364668e+02
4.472124e+02,8.399912e+02
4.436402e+02,8.230235e+02
4.238274e+02,8.109545e+02
4.236550e+02,8.449506e+02
4.454263e+02,8.315073e+02
4.401517e+02,8.064531e+02
4.337338e+02,8.169890e+02
4.119625e+02,8.304323e+02
4.623704e+02,8.279401e+02
4.568296e+02,8.093850e+02
4.641564e+02,8.364240e+02
4.502349e+02,8.162042e+02
4.689651e+02,8.211209e+02
4.586942e+02,7.987790e+02
4.685068e+02,7.943430e+02
4.498797e+02,7.925926e+02
4.607281e+02,7.771359e+02
4.224348e+02,7.892064e+02
4.199952e+02,7.870821e+02
4.215799e+02,7.923262e+02
4.255804e+02,7.899607e+02
4.166139e+02,7.909654e+02
4.248015e+02,7.932090e+02
4.201433e+02,8.019492e+02
4.133700e+02,7.949642e+02
4.273306e+02,7.953911e+02
4.174750e+02,7.936452e+02
4.185987e+02,8.029594e+02
4.255790e+02,8.031728e+02
4.244553e+02,7.938586e+02
4.379809e+02,7.889614e+02
4.418443e+02,7.771359e+02
4.386052e+02,7.939918e+02
4.458620e+02,7.848642e+02
4.337124e+02,7.835483e+02
4.264555e+02,7.926759e+02
4.160174e+02,7.864151e+02
4.122224e+02,7.850489e+02
4.123459e+02,7.880848e+02
4.102211e+02,7.866508e+02
4.182838e+02,7.847511e+02
4.143974e+02,7.837345e+02
4.122841e+02,7.865669e+02
4.161705e+02,7.875835e+02
4.086391e+02,7.887223e+02
4.081760e+02,7.888149e+02
4.090602e+02,7.889362e+02
4.085868e+02,7.866929e+02
4.077559e+02,7.867143e+02
4.084432e+02,7.901509e+02
4.085271e+02,7.843754e+02
4.073358e+02,7.846137e+02
4.097184e+02,7.841372e+02
3.978425e+02,7.886970e+02
3.875090e+02,7.885790e+02
4.078262e+02,7.913656e+02
3.974224e+02,7.865964e+02
4.080011e+02,7.900903e+02
3.976676e+02,7.899723e+02
4.115351e+02,7.917215e+02
4.105981e+02,7.931649e+02
4.107030e+02,7.885105e+02
4.128580e+02,7.915245e+02
4.112478e+02,7.838313e+02
3.862061e+02,7.888396e+02
3.849032e+02,7.891002e+02
3.849300e+02,7.892097e+02
3.849142e+02,7.891555e+02
3.848327e+02,7.890776e+02
3.848858e+02,7.891037e+02
3.848885e+02,7.890861e+02
3.848735e+02,7.891165e+02
4.032734e+02,7.671315e+02
4.018611e+02,7.563136e+02
3.923826e+02,7.664908e+02
3.929125e+02,7.574818e+02
4.382647e+02,7.600358e+02
4.260668e+02,7.475283e+02
4.557006e+02,7.589337e+02
4.485930e+02,7.332004e+02
4.239320e+02,7.566997e+02
4.318208e+02,7.715035e+02
4.487725e+02,7.680348e+02
4.408837e+02,7.532310e+02
4.797807e+02,7.892465e+02
4.895042e+02,7.968970e+02
4.796100e+02,7.768753e+02
5.055391e+02,7.765174e+02
5.190070e+02,8.177042e+02
5.190604e+02,8.095834e+02
5.109069e+02,8.171233e+02
5.114511e+02,8.095333e+02
5.250458e+02,7.933963e+02
5.314566e+02,7.773730e+02
5.101099e+02,8.020430e+02
5.304113e+02,7.993447e+02
5.366094e+02,7.832395e+02
5.207833e+02,7.897080e+02
5.145852e+02,8.058132e+02
4.971045e+02,8.102916e+02
4.998070e+02,7.994700e+02
4.913399e+02,8.110398e+02
5.020412e+02,8.211529e+02
5.105084e+02,8.095832e+02
5.717019e+02,7.745976e+02
5.748473e+02,7.702630e+02
5.724135e+02,7.692895e+02
5.729188e+02,7.750844e+02
5.736304e+02,7.697762e+02
5.694175e+02,7.723910e+02
5.687059e+02,7.776991e+02
5.786538e+02,7.572178e+02
5.848941e+02,7.451461e+02
5.653997e+02,7.542186e+02
5.798707e+02,7.577046e+02
5.703233e+02,7.393178e+02
5.689066e+02,7.617540e+02
5.751469e+02,7.496824e+02
5.992739e+02,7.091967e+02
5.639223e+02,7.249893e+02
5.533292e+02,7.401767e+02
5.364310e+02,7.326054e+02
5.523635e+02,7.586683e+02
5.384474e+02,7.492741e+02
5.501767e+02,7.287974e+02
5.443973e+02,7.456369e+02
5.588816e+02,7.564435e+02
5.646610e+02,7.396040e+02
4.778166e+02,7.223934e+02
4.652732e+02,7.123559e+02
4.748219e+02,7.381770e+02
4.929533e+02,7.277758e+02
4.883426e+02,7.407423e+02
4.752617e+02,7.577679e+02
4.943047e+02,7.531457e+02
4.652612e+02,7.485553e+02
4.676553e+02,7.679045e+02
4.869573e+02,7.650105e+02
4.845633e+02,7.456613e+02
5.136699e+02,7.393932e+02
5.255141e+02,7.599810e+02
5.099094e+02,7.565633e+02
5.309725e+02,7.462932e+02
5.146922e+02,7.301906e+02
4.936290e+02,7.404607e+02
5.392168e+02,7.650103e+02
5.284854e+02,7.686770e+02
5.418983e+02,7.743869e+02
5.523517e+02,7.650346e+02
5.389388e+02,7.593247e+02
4.228469e+02,6.883610e+02
4.195221e+02,6.931902e+02
4.287035e+02,6.880869e+02
4.292560e+02,6.998918e+02
3.979049e+02,6.736590e+02
3.814226e+02,6.668318e+02
3.808634e+02,6.683803e+02
4.027684e+02,6.908235e+02
3.981845e+02,6.728847e+02
3.811430e+02,6.676061e+02
3.686443e+02,7.022180e+02
3.918159e+02,6.796019e+02
4.088574e+02,6.848805e+02
3.601238e+02,6.600158e+02
3.442540e+02,6.757717e+02
3.604034e+02,6.592415e+02
3.625587e+02,6.720760e+02
3.418191e+02,6.637115e+02
3.400923e+02,6.796098e+02
3.373105e+02,6.845406e+02
3.229358e+02,6.832507e+02
3.142571e+02,6.812166e+02
3.281650e+02,6.904697e+02
3.088009e+02,7.044961e+02
1.989579e+02,7.410762e+02
2.047223e+02,7.467168e+02
2.067319e+02,7.432231e+02
1.979531e+02,7.428231e+02
2.057271e+02,7.449700e+02
2.010712e+02,7.385282e+02
1.932971e+02,7.363813e+02
2.379208e+02,7.634884e+02
2.691096e+02,7.837538e+02
2.609292e+02,7.342645e+02
2.369159e+02,7.652353e+02
2.852686e+02,7.556621e+02
2.338306e+02,7.387438e+02
2.650194e+02,7.590092e+02
3.849029e+02,7.892175e+02
3.848759e+02,7.892254e+02
3.848818e+02,7.891699e+02
3.848622e+02,7.891785e+02
3.848630e+02,7.891275e+02
3.848485e+02,7.891317e+02
3.841577e+02,7.893842e+02
3.848023e+02,7.890300e+02
3.834795e+02,7.896688e+02
3.814694e+02,7.838163e+02
3.848254e+02,7.890809e+02
3.841777e+02,7.894471e+02
3.841409e+02,7.893494e+02
3.868075e+02,7.766122e+02
3.877942e+02,7.701990e+02
3.804139e+02,7.777190e+02
3.856014e+02,7.844520e+02
3.788746e+02,7.688267e+02
3.849074e+02,7.889629e+02
3.742877e+02,7.940358e+02
3.752821e+02,7.839081e+02
3.729935e+02,7.839420e+02
3.676877e+02,8.017818e+02
3.741378e+02,7.839250e+02
3.418986e+02,7.844030e+02
3.793808e+02,7.867884e+02
3.703406e+02,7.928619e+02
3.755836e+02,7.957253e+02
3.740449e+02,7.776601e+02
3.705578e+02,7.723302e+02
3.778480e+02,7.808136e+02
3.717757e+02,7.781361e+02
3.754859e+02,7.750246e+02
3.823810e+02,7.588079e+02
3.858935e+02,7.631543e+02
3.847065e+02,7.537264e+02
3.769246e+02,7.600153e+02
3.744992e+02,7.490551e+02
4.010620e+02,7.501918e+02
4.052514e+02,7.456570e+02
3.950666e+02,7.487181e+02
3.975645e+02,7.385556e+02
4.166255e+02,6.973974e+02
4.115189e+02,6.972805e+02
4.177053e+02,7.023899e+02
4.113705e+02,7.037600e+02
4.044886e+02,7.106333e+02
4.115962e+02,7.102373e+02
4.048935e+02,7.035262e+02
4.045972e+02,7.035155e+02
4.014183e+02,7.170557e+02
4.047453e+02,7.035209e+02
4.120007e+02,7.218466e+02
4.082448e+02,7.068818e+02
4.030077e+02,7.102856e+02
4.065072e+02,7.136465e+02
4.049813e+02,6.969824e+02
4.082062e+02,7.004034e+02
4.036828e+02,6.971695e+02
4.071437e+02,6.940520e+02
4.234085e+02,7.131314e+02
4.230953e+02,7.252890e+02
4.351894e+02,7.101122e+02
4.173457e+02,7.177632e+02
4.291423e+02,7.177006e+02
4.264473e+02,7.062511e+02
4.146507e+02,7.063136e+02
3.978387e+02,7.249624e+02
3.910477e+02,7.303673e+02
4.044063e+02,7.306367e+02
4.164773e+02,7.374914e+02
4.048288e+02,7.381468e+02
4.156591e+02,7.465926e+02
4.245810e+02,7.364087e+02
4.137508e+02,7.279629e+02
3.850845e+02,7.412888e+02
3.731068e+02,7.379164e+02
3.820772e+02,7.341419e+02
3.789066e+02,7.458214e+02
3.898865e+02,7.512223e+02
3.930571e+02,7.395427e+02
3.207875e+02,7.224417e+02
3.426071e+02,7.270445e+02
3.326940e+02,7.035866e+02
2.988100e+02,7.262191e+02
3.155503e+02,7.441177e+02
3.307975e+02,7.383050e+02
3.376505e+02,7.153156e+02
3.157520e+02,7.149028e+02
3.071802e+02,7.351684e+02
3.290787e+02,7.355811e+02
3.206634e+02,7.575295e+02
3.141674e+02,7.703288e+02
3.346178e+02,7.541691e+02
3.636424e+02,7.609516e+02
3.517745e+02,7.549145e+02
3.633635e+02,7.476394e+02
3.545848e+02,7.465233e+02
3.611662e+02,7.636224e+02
3.737412e+02,7.661728e+02
3.701441e+02,7.538274e+02
3.575690e+02,7.512770e+02
3.652030e+02,7.397394e+02
3.577626e+02,7.365091e+02
3.572614e+02,7.380884e+02
3.575120e+02,7.372988e+02
3.654347e+02,7.372128e+02
3.603124e+02,7.428639e+02
3.682351e+02,7.427779e+02
3.485186e+02,7.344449e+02
3.462206e+02,7.436335e+02
3.501848e+02,7.317768e+02
3.517410e+02,7.408610e+02
3.444138e+02,7.353390e+02
3.433032e+02,7.520775e+02
2.977511e+02,7.975568e+02
3.240826e+02,8.153755e+02
3.263926e+02,8.113597e+02
2.965961e+02,7.995646e+02
3.252376e+02,8.133676e+02
3.202800e+02,7.908443e+02
2.916385e+02,7.770413e+02
3.522159e+02,8.288861e+02
3.510609e+02,8.308939e+02
3.470402e+02,8.065708e+02
3.728635e+02,8.240971e+02
2.716967e+02,6.917602e+02
2.762553e+02,6.723099e+02
3.065336e+02,7.037179e+02
2.495914e+02,6.988339e+02
2.798696e+02,7.302418e+02
3.354330e+02,6.869583e+02
3.339805e+02,6.896528e+02
3.348215e+02,6.899576e+02
3.344010e+02,6.898052e+02
3.333084e+02,6.876834e+02
3.360660e+02,6.872491e+02
3.349734e+02,6.851273e+02
3.319764e+02,6.964940e+02
3.310727e+02,6.900612e+02
3.337578e+02,6.967721e+02
3.304295e+02,6.970281e+02
4.506951e+02,7.050141e+02
4.448320e+02,6.897811e+02
4.391686e+02,6.934574e+02
4.420003e+02,6.916193e+02
4.550526e+02,7.010685e+02
4.371790e+02,7.017848e+02
4.502313e+02,7.112340e+02
4.372538e+02,6.843070e+02
4.409006e+02,6.823720e+02
4.339360e+02,6.907721e+02
4.328363e+02,6.815249e+02
3.884007e+02,7.662566e+02
