1,2,1.0
1,3,1.0
1,4,1.0
3,4,1.0
4,6,1.0
5,6,1.0
6,7,1.0
1,8,1.0
4,8,1.0
8,9,1.0
1,10,1.0
8,10,1.0
1,11,1.0
10,11,1.0
11,12,1.0
1,13,1.0
11,13,1.0
12,13,1.0
1,14,1.0
13,14,1.0
1,15,1.0
14,15,1.0
1,16,1.0
15,16,1.0
16,17,1.0
1,19,1.0
2,19,1.0
18,19,1.0
19,20,1.0
2,21,1.0
2,22,1.0
2,23,1.0
22,23,1.0
23,24,1.0
24,25,1.0
2,26,1.0
23,26,1.0
24,26,1.0
25,26,1.0
3,27,1.0
4,27,1.0
26,28,1.0
26,29,1.0
28,29,1.0
3,30,1.0
27,30,1.0
7,31,1.0
31,32,1.0
8,33,1.0
32,33,1.0
8,34,1.0
33,34,1.0
33,35,1.0
34,35,1.0
11,36,1.0
35,36,1.0
12,38,1.0
37,38,1.0
13,39,1.0
13,40,1.0
39,40,1.0
14,41,1.0
41,42,1.0
43,44,1.0
18,45,1.0
44,45,1.0
18,46,1.0
19,46,1.0
20,46,1.0
45,46,1.0
20,47,1.0
46,47,1.0
20,48,1.0
21,48,1.0
47,48,1.0
21,49,1.0
22,50,1.0
22,51,1.0
23,51,1.0
50,51,1.0
23,52,1.0
24,52,1.0
51,52,1.0
24,53,1.0
25,53,1.0
52,53,1.0
53,54,1.0
26,56,1.0
28,56,1.0
55,56,1.0
30,57,1.0
57,58,1.0
28,59,1.0
29,59,1.0
56,59,1.0
29,60,1.0
59,60,1.0
29,61,1.0
60,61,1.0
57,62,1.0
58,62,1.0
58,63,1.0
39,64,1.0
39,65,1.0
40,65,1.0
41,65,1.0
64,65,1.0
50,66,1.0
51,66,1.0
52,66,1.0
53,66,1.0
54,66,1.0
61,67,1.0
3,68,1.0
63,69,1.0
41,70,1.0
42,70,1.0
65,70,1.0
50,71,1.0
66,71,1.0
32,72,1.0
69,72,1.0
64,73,1.0
64,74,1.0
65,74,1.0
70,74,1.0
70,75,1.0
74,75,1.0
68,76,1.0
64,77,1.0
73,77,1.0
74,77,1.0
74,78,1.0
75,78,1.0
44,79,1.0
45,79,1.0
46,79,1.0
78,79,1.0
71,80,1.0
56,81,1.0
59,81,1.0
67,81,1.0
3,82,1.0
68,82,1.0
76,82,1.0
32,83,1.0
33,83,1.0
72,83,1.0
82,83,1.0
78,84,1.0
79,84,1.0
66,85,1.0
71,85,1.0
80,85,1.0
55,86,1.0
56,86,1.0
81,86,1.0
82,87,1.0
83,87,1.0
74,88,1.0
77,88,1.0
78,88,1.0
79,89,1.0
84,89,1.0
89,90,1.0
80,91,1.0
90,91,1.0
80,92,1.0
91,92,1.0
80,93,1.0
92,93,1.0
80,94,1.0
85,94,1.0
93,94,1.0
85,95,1.0
94,95,1.0
66,96,1.0
85,96,1.0
86,96,1.0
95,96,1.0
81,97,1.0
73,99,1.0
77,99,1.0
88,99,1.0
84,100,1.0
89,100,1.0
89,101,1.0
100,101,1.0
89,102,1.0
90,102,1.0
101,102,1.0
92,103,1.0
92,104,1.0
93,104,1.0
103,104,1.0
86,105,1.0
96,105,1.0
87,106,1.0
98,106,1.0
33,107,1.0
35,107,1.0
99,107,1.0
88,108,1.0
99,108,1.0
107,108,1.0
88,109,1.0
108,109,1.0
78,110,1.0
84,110,1.0
88,110,1.0
109,110,1.0
84,111,1.0
100,111,1.0
110,111,1.0
100,112,1.0
101,112,1.0
111,112,1.0
101,113,1.0
102,113,1.0
90,114,1.0
102,114,1.0
113,114,1.0
103,115,1.0
114,115,1.0
104,116,1.0
115,116,1.0
95,118,1.0
96,118,1.0
105,118,1.0
117,118,1.0
105,119,1.0
118,119,1.0
86,120,1.0
86,121,1.0
120,121,1.0
97,122,1.0
121,122,1.0
67,123,1.0
67,124,1.0
123,124,1.0
98,125,1.0
106,125,1.0
106,126,1.0
107,127,1.0
108,127,1.0
93,128,1.0
94,128,1.0
104,128,1.0
116,128,1.0
117,128,1.0
117,129,1.0
128,129,1.0
122,130,1.0
123,131,1.0
124,131,1.0
125,133,1.0
127,134,1.0
108,135,1.0
110,136,1.0
135,136,1.0
110,137,1.0
111,137,1.0
112,137,1.0
136,137,1.0
112,138,1.0
137,138,1.0
115,139,1.0
116,140,1.0
129,140,1.0
117,141,1.0
118,141,1.0
119,141,1.0
119,142,1.0
120,142,1.0
121,142,1.0
122,142,1.0
130,142,1.0
123,143,1.0
130,143,1.0
131,143,1.0
133,145,1.0
127,146,1.0
134,146,1.0
117,147,1.0
129,147,1.0
140,147,1.0
141,147,1.0
130,149,1.0
148,149,1.0
124,150,1.0
131,150,1.0
108,152,1.0
127,152,1.0
146,152,1.0
108,153,1.0
135,153,1.0
152,153,1.0
136,154,1.0
137,154,1.0
116,156,1.0
140,156,1.0
147,156,1.0
155,156,1.0
141,157,1.0
147,157,1.0
119,158,1.0
141,158,1.0
142,158,1.0
157,158,1.0
142,159,1.0
148,159,1.0
158,159,1.0
124,161,1.0
150,161,1.0
135,164,1.0
136,164,1.0
153,164,1.0
154,164,1.0
154,165,1.0
164,165,1.0
160,166,1.0
161,167,1.0
166,167,1.0
67,168,1.0
124,168,1.0
161,168,1.0
167,168,1.0
146,169,1.0
152,169,1.0
153,169,1.0
154,170,1.0
137,171,1.0
154,171,1.0
170,171,1.0
148,172,1.0
149,172,1.0
159,172,1.0
160,172,1.0
172,173,1.0
29,174,1.0
168,174,1.0
162,175,1.0
163,175,1.0
163,176,1.0
175,176,1.0
134,177,1.0
146,177,1.0
151,177,1.0
169,177,1.0
176,177,1.0
169,178,1.0
177,178,1.0
153,179,1.0
164,179,1.0
169,179,1.0
178,179,1.0
170,180,1.0
170,181,1.0
171,181,1.0
180,181,1.0
171,182,1.0
181,182,1.0
158,183,1.0
159,183,1.0
172,183,1.0
172,184,1.0
173,184,1.0
183,184,1.0
173,185,1.0
184,185,1.0
167,186,1.0
168,186,1.0
173,186,1.0
185,186,1.0
168,187,1.0
174,187,1.0
186,187,1.0
175,188,1.0
176,189,1.0
176,190,1.0
177,190,1.0
189,190,1.0
177,191,1.0
178,191,1.0
179,191,1.0
190,191,1.0
179,192,1.0
180,192,1.0
181,192,1.0
155,193,1.0
182,193,1.0
155,194,1.0
156,194,1.0
193,194,1.0
147,195,1.0
156,195,1.0
194,195,1.0
147,196,1.0
157,196,1.0
195,196,1.0
157,197,1.0
158,197,1.0
196,197,1.0
158,198,1.0
183,198,1.0
197,198,1.0
185,199,1.0
186,199,1.0
174,200,1.0
187,200,1.0
174,201,1.0
200,201,1.0
189,203,1.0
202,203,1.0
190,204,1.0
179,205,1.0
191,205,1.0
182,206,1.0
194,207,1.0
195,207,1.0
198,208,1.0
183,209,1.0
184,209,1.0
198,209,1.0
184,210,1.0
185,210,1.0
199,210,1.0
209,210,1.0
187,211,1.0
199,211,1.0
202,212,1.0
204,214,1.0
204,215,1.0
205,215,1.0
214,215,1.0
179,216,1.0
192,216,1.0
205,216,1.0
215,216,1.0
207,218,1.0
195,219,1.0
196,219,1.0
198,220,1.0
208,220,1.0
198,221,1.0
209,221,1.0
220,221,1.0
211,223,1.0
212,224,1.0
212,225,1.0
213,225,1.0
224,225,1.0
214,226,1.0
206,228,1.0
227,228,1.0
206,229,1.0
228,229,1.0
219,231,1.0
230,231,1.0
219,232,1.0
196,233,1.0
219,233,1.0
220,233,1.0
232,233,1.0
220,234,1.0
233,234,1.0
209,235,1.0
224,236,1.0
216,238,1.0
227,238,1.0
228,239,1.0
229,239,1.0
229,240,1.0
239,240,1.0
233,241,1.0
233,242,1.0
234,242,1.0
241,242,1.0
220,244,1.0
221,244,1.0
243,244,1.0
209,245,1.0
221,245,1.0
235,245,1.0
244,245,1.0
223,247,1.0
235,247,1.0
237,249,1.0
248,249,1.0
216,250,1.0
241,251,1.0
241,252,1.0
242,252,1.0
242,253,1.0
243,253,1.0
252,253,1.0
243,254,1.0
244,254,1.0
245,254,1.0
253,254,1.0
200,255,1.0
201,255,1.0
201,256,1.0
255,256,1.0
248,257,1.0
248,258,1.0
249,258,1.0
257,258,1.0
216,259,1.0
227,260,1.0
250,260,1.0
227,261,1.0
228,261,1.0
239,261,1.0
240,261,1.0
260,261,1.0
245,262,1.0
254,262,1.0
258,263,1.0
259,264,1.0
216,265,1.0
250,265,1.0
259,265,1.0
240,266,1.0
261,266,1.0
262,268,1.0
267,268,1.0
187,269,1.0
200,269,1.0
211,269,1.0
223,269,1.0
247,269,1.0
255,269,1.0
263,271,1.0
264,272,1.0
259,273,1.0
265,273,1.0
273,274,1.0
240,275,1.0
266,275,1.0
275,276,1.0
267,277,1.0
267,278,1.0
268,278,1.0
277,278,1.0
246,279,1.0
255,280,1.0
256,280,1.0
270,281,1.0
269,283,1.0
255,284,1.0
280,284,1.0
82,285,1.0
281,285,1.0
271,286,1.0
282,287,1.0
282,288,1.0
269,289,1.0
283,289,1.0
280,290,1.0
284,290,1.0
285,291,1.0
273,292,1.0
273,293,1.0
292,293,1.0
282,294,1.0
287,294,1.0
288,294,1.0
288,295,1.0
294,295,1.0
275,297,1.0
296,297,1.0
275,298,1.0
297,298,1.0
275,299,1.0
276,299,1.0
298,299,1.0
276,300,1.0
299,300,1.0
276,301,1.0
301,302,1.0
252,303,1.0
253,303,1.0
302,303,1.0
304,305,1.0
305,306,1.0
306,307,1.0
278,308,1.0
289,309,1.0
308,309,1.0
255,310,1.0
285,311,1.0
286,312,1.0
291,312,1.0
311,312,1.0
292,313,1.0
287,314,1.0
294,315,1.0
294,316,1.0
295,316,1.0
296,316,1.0
296,317,1.0
297,317,1.0
298,317,1.0
316,317,1.0
298,318,1.0
299,318,1.0
317,318,1.0
299,319,1.0
300,319,1.0
318,319,1.0
319,320,1.0
320,321,1.0
301,322,1.0
302,322,1.0
321,322,1.0
322,323,1.0
304,324,1.0
323,324,1.0
304,325,1.0
305,325,1.0
306,325,1.0
324,325,1.0
307,326,1.0
308,327,1.0
289,328,1.0
310,328,1.0
290,330,1.0
329,330,1.0
285,331,1.0
311,331,1.0
312,332,1.0
312,333,1.0
313,333,1.0
332,333,1.0
313,334,1.0
333,334,1.0
293,335,1.0
313,335,1.0
334,335,1.0
326,336,1.0
327,336,1.0
327,337,1.0
336,337,1.0
327,338,1.0
337,338,1.0
308,339,1.0
327,339,1.0
338,339,1.0
289,340,1.0
309,340,1.0
328,340,1.0
310,341,1.0
328,341,1.0
290,342,1.0
330,342,1.0
331,343,1.0
332,344,1.0
333,344,1.0
314,345,1.0
315,345,1.0
335,345,1.0
336,347,1.0
346,347,1.0
328,349,1.0
341,349,1.0
341,350,1.0
349,350,1.0
255,351,1.0
284,351,1.0
310,351,1.0
329,351,1.0
341,351,1.0
329,352,1.0
351,352,1.0
329,353,1.0
342,353,1.0
352,353,1.0
342,354,1.0
353,354,1.0
331,355,1.0
343,355,1.0
343,356,1.0
344,356,1.0
355,356,1.0
334,357,1.0
317,358,1.0
318,358,1.0
319,358,1.0
320,358,1.0
321,358,1.0
322,358,1.0
324,359,1.0
346,359,1.0
347,359,1.0
348,360,1.0
349,361,1.0
360,361,1.0
349,362,1.0
350,362,1.0
361,362,1.0
351,363,1.0
352,363,1.0
352,364,1.0
353,364,1.0
354,364,1.0
355,365,1.0
356,365,1.0
334,366,1.0
335,366,1.0
335,367,1.0
345,367,1.0
366,367,1.0
359,368,1.0
347,369,1.0
359,369,1.0
368,369,1.0
361,370,1.0
362,370,1.0
364,372,1.0
371,372,1.0
365,373,1.0
373,374,1.0
366,375,1.0
367,375,1.0
315,376,1.0
345,376,1.0
367,376,1.0
317,377,1.0
358,377,1.0
358,378,1.0
377,378,1.0
358,379,1.0
378,379,1.0
322,380,1.0
323,380,1.0
324,380,1.0
358,380,1.0
359,380,1.0
368,380,1.0
379,380,1.0
368,381,1.0
360,382,1.0
360,383,1.0
382,383,1.0
341,384,1.0
371,384,1.0
371,385,1.0
354,386,1.0
372,386,1.0
373,387,1.0
374,388,1.0
333,389,1.0
344,389,1.0
366,390,1.0
389,390,1.0
375,391,1.0
390,391,1.0
367,392,1.0
375,392,1.0
376,392,1.0
391,392,1.0
376,393,1.0
392,393,1.0
315,394,1.0
376,394,1.0
393,394,1.0
377,395,1.0
394,395,1.0
378,396,1.0
379,396,1.0
382,397,1.0
382,398,1.0
383,398,1.0
397,398,1.0
384,399,1.0
371,400,1.0
384,400,1.0
385,400,1.0
399,400,1.0
385,401,1.0
386,401,1.0
400,401,1.0
388,403,1.0
389,404,1.0
403,404,1.0
389,405,1.0
390,405,1.0
391,405,1.0
404,405,1.0
391,406,1.0
392,406,1.0
405,406,1.0
392,407,1.0
393,407,1.0
394,407,1.0
395,407,1.0
379,408,1.0
396,408,1.0
368,409,1.0
380,409,1.0
368,410,1.0
381,410,1.0
409,410,1.0
381,411,1.0
410,411,1.0
411,412,1.0
400,414,1.0
413,414,1.0
386,415,1.0
400,415,1.0
401,415,1.0
414,415,1.0
402,416,1.0
403,417,1.0
404,417,1.0
416,417,1.0
404,418,1.0
405,418,1.0
406,418,1.0
377,419,1.0
395,419,1.0
396,419,1.0
408,419,1.0
379,420,1.0
380,420,1.0
408,420,1.0
380,421,1.0
409,421,1.0
420,421,1.0
409,422,1.0
410,422,1.0
421,422,1.0
398,423,1.0
412,423,1.0
413,424,1.0
285,425,1.0
416,425,1.0
418,427,1.0
392,428,1.0
406,428,1.0
418,428,1.0
427,428,1.0
392,429,1.0
407,429,1.0
428,429,1.0
410,430,1.0
411,430,1.0
430,431,1.0
424,432,1.0
425,433,1.0
426,434,1.0
433,434,1.0
404,435,1.0
427,435,1.0
395,436,1.0
407,436,1.0
419,436,1.0
429,436,1.0
420,437,1.0
421,437,1.0
422,437,1.0
422,438,1.0
437,438,1.0
430,439,1.0
431,439,1.0
431,440,1.0
370,441,1.0
398,441,1.0
423,441,1.0
431,441,1.0
440,441,1.0
424,442,1.0
432,442,1.0
433,443,1.0
434,443,1.0
434,444,1.0
443,444,1.0
435,445,1.0
427,446,1.0
428,446,1.0
435,446,1.0
445,446,1.0
429,447,1.0
436,447,1.0
419,448,1.0
447,448,1.0
410,449,1.0
422,449,1.0
430,449,1.0
438,449,1.0
439,449,1.0
439,450,1.0
449,450,1.0
450,451,1.0
440,452,1.0
440,453,1.0
441,453,1.0
452,453,1.0
424,454,1.0
442,454,1.0
442,455,1.0
454,455,1.0
443,456,1.0
449,457,1.0
450,457,1.0
451,457,1.0
441,459,1.0
453,459,1.0
424,460,1.0
441,460,1.0
454,460,1.0
454,461,1.0
460,461,1.0
454,462,1.0
455,462,1.0
461,462,1.0
455,463,1.0
462,463,1.0
456,464,1.0
456,465,1.0
445,466,1.0
446,466,1.0
428,467,1.0
446,467,1.0
466,467,1.0
428,468,1.0
429,468,1.0
467,468,1.0
429,469,1.0
447,469,1.0
468,469,1.0
419,470,1.0
437,470,1.0
448,470,1.0
457,471,1.0
458,471,1.0
459,472,1.0
471,472,1.0
460,473,1.0
461,473,1.0
465,475,1.0
445,476,1.0
466,476,1.0
475,476,1.0
447,477,1.0
469,477,1.0
457,478,1.0
471,478,1.0
471,479,1.0
478,479,1.0
471,480,1.0
472,480,1.0
479,480,1.0
472,481,1.0
480,481,1.0
441,482,1.0
459,482,1.0
460,482,1.0
473,482,1.0
473,483,1.0
482,483,1.0
483,484,1.0
462,485,1.0
463,485,1.0
474,486,1.0
475,487,1.0
476,487,1.0
486,487,1.0
466,488,1.0
467,488,1.0
476,488,1.0
467,489,1.0
468,489,1.0
477,489,1.0
488,489,1.0
438,490,1.0
449,490,1.0
449,491,1.0
490,491,1.0
491,492,1.0
478,493,1.0
479,493,1.0
480,493,1.0
481,493,1.0
482,494,1.0
483,494,1.0
484,495,1.0
486,496,1.0
486,497,1.0
487,497,1.0
447,498,1.0
448,498,1.0
477,498,1.0
478,499,1.0
493,499,1.0
481,500,1.0
493,500,1.0
494,501,1.0
497,502,1.0
476,503,1.0
502,503,1.0
476,504,1.0
488,504,1.0
477,505,1.0
498,505,1.0
498,506,1.0
505,506,1.0
448,507,1.0
470,507,1.0
498,507,1.0
506,507,1.0
470,508,1.0
507,508,1.0
470,509,1.0
508,509,1.0
470,510,1.0
509,510,1.0
470,511,1.0
510,511,1.0
437,512,1.0
470,512,1.0
511,512,1.0
491,513,1.0
512,513,1.0
500,515,1.0
514,515,1.0
500,516,1.0
515,516,1.0
501,518,1.0
517,518,1.0
494,519,1.0
501,519,1.0
518,519,1.0
494,520,1.0
519,520,1.0
82,521,1.0
285,521,1.0
425,521,1.0
486,521,1.0
496,521,1.0
502,521,1.0
503,522,1.0
521,522,1.0
518,523,1.0
519,523,1.0
522,524,1.0
476,525,1.0
503,525,1.0
522,525,1.0
524,525,1.0
476,526,1.0
504,526,1.0
525,526,1.0
477,528,1.0
489,528,1.0
528,529,1.0
477,530,1.0
505,530,1.0
505,531,1.0
530,531,1.0
506,533,1.0
532,533,1.0
506,534,1.0
507,534,1.0
508,534,1.0
533,534,1.0
508,535,1.0
534,535,1.0
508,536,1.0
535,536,1.0
508,537,1.0
509,537,1.0
510,537,1.0
536,537,1.0
491,539,1.0
492,539,1.0
538,539,1.0
516,540,1.0
517,542,1.0
541,542,1.0
542,543,1.0
485,544,1.0
523,544,1.0
543,544,1.0
527,547,1.0
531,548,1.0
532,548,1.0
510,549,1.0
537,549,1.0
510,550,1.0
511,550,1.0
512,550,1.0
549,550,1.0
512,551,1.0
538,551,1.0
550,551,1.0
540,552,1.0
541,554,1.0
542,555,1.0
543,555,1.0
544,555,1.0
545,556,1.0
546,557,1.0
556,557,1.0
526,558,1.0
547,558,1.0
547,559,1.0
528,560,1.0
529,560,1.0
559,560,1.0
532,561,1.0
548,561,1.0
532,562,1.0
533,562,1.0
534,562,1.0
561,562,1.0
534,563,1.0
535,563,1.0
536,563,1.0
562,563,1.0
536,564,1.0
537,564,1.0
549,564,1.0
563,564,1.0
549,565,1.0
550,565,1.0
538,566,1.0
539,566,1.0
551,566,1.0
544,567,1.0
554,567,1.0
555,567,1.0
557,568,1.0
526,570,1.0
558,570,1.0
547,571,1.0
558,571,1.0
559,571,1.0
560,571,1.0
549,572,1.0
564,572,1.0
565,572,1.0
550,573,1.0
551,573,1.0
565,573,1.0
572,573,1.0
516,574,1.0
540,574,1.0
553,574,1.0
553,575,1.0
574,575,1.0
554,576,1.0
567,576,1.0
575,576,1.0
568,577,1.0
569,577,1.0
569,578,1.0
577,578,1.0
563,579,1.0
564,579,1.0
572,579,1.0
573,579,1.0
540,580,1.0
552,580,1.0
574,580,1.0
574,581,1.0
580,581,1.0
574,582,1.0
575,582,1.0
581,582,1.0
575,583,1.0
568,584,1.0
577,584,1.0
577,585,1.0
578,585,1.0
584,585,1.0
560,586,1.0
561,586,1.0
571,586,1.0
581,587,1.0
582,587,1.0
575,588,1.0
582,588,1.0
544,589,1.0
567,589,1.0
583,589,1.0
521,590,1.0
568,590,1.0
584,590,1.0
585,591,1.0
590,591,1.0
561,593,1.0
562,593,1.0
586,593,1.0
592,593,1.0
551,594,1.0
566,594,1.0
573,594,1.0
580,595,1.0
587,596,1.0
595,596,1.0
582,597,1.0
587,597,1.0
588,597,1.0
589,597,1.0
596,597,1.0
590,598,1.0
591,598,1.0
591,599,1.0
598,599,1.0
570,600,1.0
571,601,1.0
592,601,1.0
566,602,1.0
580,602,1.0
594,602,1.0
595,605,1.0
589,606,1.0
595,606,1.0
596,606,1.0
597,606,1.0
605,606,1.0
598,608,1.0
599,608,1.0
602,609,1.0
602,610,1.0
603,611,1.0
610,611,1.0
603,612,1.0
604,612,1.0
604,613,1.0
606,614,1.0
613,614,1.0
615,616,1.0
617,618,1.0
570,620,1.0
619,620,1.0
570,621,1.0
600,621,1.0
620,621,1.0
600,622,1.0
621,622,1.0
600,623,1.0
623,624,1.0
624,625,1.0
601,626,1.0
625,626,1.0
601,627,1.0
626,627,1.0
592,628,1.0
593,628,1.0
601,628,1.0
627,628,1.0
593,629,1.0
628,629,1.0
562,631,1.0
563,631,1.0
579,631,1.0
593,631,1.0
630,631,1.0
579,633,1.0
632,633,1.0
633,634,1.0
579,635,1.0
633,635,1.0
634,635,1.0
573,636,1.0
579,636,1.0
635,636,1.0
573,637,1.0
594,637,1.0
636,637,1.0
594,638,1.0
637,638,1.0
594,639,1.0
638,639,1.0
594,640,1.0
602,640,1.0
602,641,1.0
609,641,1.0
640,641,1.0
612,642,1.0
612,643,1.0
642,643,1.0
606,644,1.0
613,644,1.0
614,644,1.0
607,645,1.0
628,646,1.0
629,646,1.0
634,647,1.0
635,647,1.0
640,648,1.0
641,648,1.0
609,650,1.0
642,650,1.0
644,650,1.0
649,650,1.0
615,651,1.0
615,652,1.0
651,652,1.0
619,653,1.0
619,654,1.0
620,654,1.0
653,654,1.0
620,655,1.0
621,655,1.0
622,655,1.0
654,655,1.0
623,657,1.0
623,658,1.0
624,658,1.0
658,659,1.0
646,660,1.0
660,661,1.0
629,662,1.0
661,662,1.0
631,663,1.0
632,663,1.0
661,663,1.0
662,663,1.0
632,664,1.0
633,664,1.0
634,664,1.0
647,664,1.0
663,664,1.0
647,665,1.0
637,666,1.0
665,666,1.0
637,667,1.0
665,667,1.0
666,667,1.0
637,668,1.0
638,668,1.0
667,668,1.0
638,669,1.0
639,669,1.0
667,669,1.0
668,669,1.0
639,670,1.0
640,670,1.0
644,670,1.0
648,670,1.0
650,670,1.0
667,670,1.0
669,670,1.0
645,671,1.0
651,671,1.0
653,671,1.0
661,671,1.0
663,671,1.0
670,671,1.0
4,672,1.0
5,672,1.0
6,672,1.0
5,673,1.0
6,673,1.0
7,673,1.0
31,673,1.0
4,674,1.0
6,674,1.0
7,674,1.0
8,674,1.0
9,675,1.0
10,676,1.0
11,676,1.0
36,676,1.0
675,676,1.0
16,677,1.0
17,677,1.0
18,677,1.0
45,677,1.0
2,678,1.0
19,678,1.0
20,678,1.0
21,678,1.0
48,678,1.0
2,679,1.0
22,679,1.0
4,680,1.0
30,680,1.0
57,680,1.0
58,680,1.0
5,681,1.0
31,681,1.0
32,681,1.0
63,681,1.0
69,681,1.0
72,681,1.0
673,681,1.0
7,682,1.0
8,682,1.0
31,682,1.0
32,682,1.0
33,682,1.0
11,683,1.0
12,683,1.0
36,683,1.0
37,683,1.0
38,683,1.0
12,684,1.0
13,684,1.0
38,684,1.0
39,684,1.0
13,685,1.0
14,685,1.0
40,685,1.0
41,685,1.0
65,685,1.0
42,686,1.0
43,686,1.0
15,687,1.0
43,687,1.0
44,687,1.0
15,688,1.0
16,688,1.0
44,688,1.0
45,688,1.0
677,688,1.0
687,688,1.0
46,689,1.0
47,689,1.0
48,689,1.0
91,689,1.0
48,690,1.0
80,690,1.0
91,690,1.0
689,690,1.0
21,691,1.0
48,691,1.0
49,691,1.0
690,691,1.0
22,692,1.0
49,692,1.0
50,692,1.0
679,692,1.0
25,693,1.0
53,693,1.0
54,693,1.0
25,694,1.0
26,694,1.0
55,694,1.0
56,694,1.0
693,694,1.0
4,695,1.0
5,695,1.0
58,695,1.0
63,695,1.0
672,695,1.0
680,695,1.0
681,695,1.0
59,696,1.0
60,696,1.0
81,696,1.0
60,697,1.0
61,697,1.0
67,697,1.0
81,697,1.0
696,697,1.0
3,698,1.0
30,698,1.0
57,698,1.0
62,698,1.0
68,698,1.0
29,699,1.0
61,699,1.0
67,699,1.0
168,699,1.0
174,699,1.0
68,700,1.0
69,700,1.0
72,700,1.0
42,701,1.0
43,701,1.0
44,701,1.0
70,701,1.0
75,701,1.0
78,701,1.0
79,701,1.0
686,701,1.0
35,702,1.0
36,702,1.0
64,702,1.0
73,702,1.0
99,702,1.0
107,702,1.0
68,703,1.0
72,703,1.0
76,703,1.0
82,703,1.0
83,703,1.0
700,703,1.0
46,704,1.0
79,704,1.0
89,704,1.0
90,704,1.0
91,704,1.0
689,704,1.0
90,705,1.0
91,705,1.0
92,705,1.0
103,705,1.0
114,705,1.0
115,705,1.0
67,706,1.0
81,706,1.0
97,706,1.0
123,706,1.0
82,707,1.0
87,707,1.0
98,707,1.0
106,707,1.0
89,708,1.0
101,708,1.0
102,708,1.0
108,709,1.0
109,709,1.0
110,709,1.0
135,709,1.0
136,709,1.0
101,710,1.0
112,710,1.0
113,710,1.0
138,710,1.0
139,710,1.0
113,711,1.0
114,711,1.0
115,711,1.0
139,711,1.0
710,711,1.0
103,712,1.0
104,712,1.0
115,712,1.0
116,712,1.0
94,713,1.0
95,713,1.0
117,713,1.0
118,713,1.0
128,713,1.0
86,714,1.0
105,714,1.0
119,714,1.0
120,714,1.0
142,714,1.0
121,715,1.0
122,715,1.0
106,716,1.0
125,716,1.0
126,716,1.0
133,716,1.0
116,717,1.0
128,717,1.0
129,717,1.0
140,717,1.0
98,718,1.0
125,718,1.0
132,718,1.0
133,719,1.0
716,719,1.0
33,720,1.0
83,720,1.0
87,720,1.0
106,720,1.0
107,720,1.0
126,720,1.0
127,720,1.0
151,720,1.0
177,720,1.0
138,721,1.0
139,721,1.0
155,721,1.0
710,721,1.0
115,722,1.0
116,722,1.0
139,722,1.0
155,722,1.0
156,722,1.0
721,722,1.0
144,723,1.0
145,723,1.0
145,724,1.0
151,724,1.0
130,725,1.0
142,725,1.0
148,725,1.0
149,725,1.0
159,725,1.0
130,726,1.0
143,726,1.0
149,726,1.0
160,726,1.0
172,726,1.0
131,727,1.0
143,727,1.0
150,727,1.0
161,727,1.0
145,728,1.0
151,728,1.0
723,728,1.0
724,728,1.0
143,729,1.0
160,729,1.0
166,729,1.0
167,729,1.0
726,729,1.0
727,729,1.0
161,730,1.0
167,730,1.0
727,730,1.0
729,730,1.0
162,731,1.0
163,731,1.0
175,731,1.0
728,731,1.0
151,732,1.0
163,732,1.0
176,732,1.0
177,732,1.0
728,732,1.0
731,732,1.0
154,733,1.0
165,733,1.0
170,733,1.0
180,733,1.0
160,734,1.0
166,734,1.0
172,734,1.0
166,735,1.0
167,735,1.0
172,735,1.0
173,735,1.0
186,735,1.0
734,735,1.0
164,736,1.0
165,736,1.0
179,736,1.0
180,736,1.0
192,736,1.0
733,736,1.0
155,737,1.0
171,737,1.0
182,737,1.0
193,737,1.0
175,738,1.0
176,738,1.0
188,738,1.0
189,738,1.0
202,738,1.0
203,738,1.0
193,739,1.0
194,739,1.0
207,739,1.0
218,739,1.0
229,739,1.0
240,739,1.0
194,740,1.0
195,740,1.0
207,740,1.0
196,741,1.0
197,741,1.0
233,741,1.0
186,742,1.0
187,742,1.0
199,742,1.0
211,742,1.0
82,743,1.0
162,743,1.0
175,743,1.0
188,743,1.0
212,743,1.0
224,743,1.0
285,743,1.0
189,744,1.0
190,744,1.0
203,744,1.0
191,745,1.0
205,745,1.0
182,746,1.0
193,746,1.0
206,746,1.0
229,746,1.0
739,746,1.0
197,747,1.0
198,747,1.0
208,747,1.0
220,747,1.0
233,747,1.0
741,747,1.0
199,748,1.0
210,748,1.0
211,748,1.0
190,749,1.0
203,749,1.0
213,749,1.0
225,749,1.0
744,749,1.0
190,750,1.0
214,750,1.0
225,750,1.0
226,750,1.0
237,750,1.0
749,750,1.0
181,751,1.0
182,751,1.0
206,751,1.0
217,751,1.0
218,752,1.0
209,753,1.0
222,753,1.0
235,753,1.0
211,754,1.0
223,754,1.0
235,754,1.0
247,754,1.0
748,754,1.0
224,755,1.0
225,755,1.0
237,755,1.0
750,755,1.0
214,756,1.0
215,756,1.0
216,756,1.0
226,756,1.0
217,757,1.0
227,757,1.0
238,757,1.0
751,757,1.0
230,758,1.0
231,758,1.0
240,758,1.0
275,758,1.0
219,759,1.0
231,759,1.0
232,759,1.0
758,759,1.0
232,760,1.0
233,760,1.0
241,760,1.0
251,760,1.0
759,760,1.0
220,761,1.0
234,761,1.0
244,761,1.0
224,762,1.0
236,762,1.0
237,762,1.0
249,762,1.0
755,762,1.0
216,763,1.0
227,763,1.0
238,763,1.0
250,763,1.0
260,763,1.0
242,764,1.0
243,764,1.0
253,764,1.0
235,765,1.0
245,765,1.0
246,765,1.0
262,765,1.0
247,766,1.0
269,766,1.0
279,766,1.0
283,766,1.0
236,767,1.0
248,767,1.0
257,767,1.0
251,768,1.0
275,768,1.0
758,768,1.0
759,768,1.0
760,768,1.0
237,769,1.0
249,769,1.0
258,769,1.0
263,769,1.0
257,770,1.0
258,770,1.0
263,770,1.0
271,770,1.0
226,771,1.0
237,771,1.0
259,771,1.0
263,771,1.0
264,771,1.0
271,771,1.0
272,771,1.0
750,771,1.0
769,771,1.0
250,772,1.0
260,772,1.0
265,772,1.0
273,772,1.0
274,772,1.0
253,773,1.0
254,773,1.0
262,773,1.0
267,773,1.0
268,773,1.0
270,774,1.0
281,774,1.0
271,775,1.0
281,775,1.0
286,775,1.0
259,776,1.0
264,776,1.0
272,776,1.0
273,776,1.0
292,776,1.0
313,776,1.0
252,777,1.0
275,777,1.0
276,777,1.0
301,777,1.0
302,777,1.0
303,777,1.0
768,777,1.0
253,778,1.0
267,778,1.0
277,778,1.0
305,778,1.0
306,778,1.0
307,778,1.0
773,778,1.0
246,779,1.0
262,779,1.0
268,779,1.0
278,779,1.0
279,779,1.0
765,779,1.0
266,780,1.0
282,780,1.0
281,781,1.0
285,781,1.0
291,781,1.0
281,782,1.0
291,782,1.0
312,782,1.0
781,782,1.0
274,783,1.0
282,783,1.0
287,783,1.0
266,784,1.0
282,784,1.0
288,784,1.0
780,784,1.0
285,785,1.0
291,785,1.0
311,785,1.0
312,785,1.0
292,786,1.0
293,786,1.0
335,786,1.0
273,787,1.0
274,787,1.0
287,787,1.0
293,787,1.0
314,787,1.0
335,787,1.0
345,787,1.0
783,787,1.0
288,788,1.0
295,788,1.0
296,788,1.0
316,788,1.0
784,788,1.0
266,789,1.0
275,789,1.0
296,789,1.0
297,789,1.0
784,789,1.0
788,789,1.0
300,790,1.0
319,790,1.0
320,790,1.0
321,790,1.0
301,791,1.0
321,791,1.0
322,791,1.0
253,792,1.0
303,792,1.0
304,792,1.0
305,792,1.0
324,792,1.0
778,792,1.0
277,793,1.0
278,793,1.0
307,793,1.0
326,793,1.0
327,793,1.0
336,793,1.0
778,793,1.0
283,794,1.0
289,794,1.0
308,794,1.0
309,794,1.0
255,795,1.0
269,795,1.0
289,795,1.0
310,795,1.0
292,796,1.0
313,796,1.0
335,796,1.0
786,796,1.0
314,797,1.0
315,797,1.0
345,797,1.0
294,798,1.0
315,798,1.0
317,798,1.0
377,798,1.0
394,798,1.0
395,798,1.0
302,799,1.0
303,799,1.0
322,799,1.0
323,799,1.0
324,799,1.0
792,799,1.0
306,800,1.0
307,800,1.0
325,800,1.0
326,800,1.0
336,800,1.0
278,801,1.0
308,801,1.0
327,801,1.0
793,801,1.0
284,802,1.0
290,802,1.0
329,802,1.0
330,802,1.0
351,802,1.0
311,803,1.0
312,803,1.0
331,803,1.0
332,803,1.0
343,803,1.0
312,804,1.0
332,804,1.0
803,804,1.0
333,805,1.0
334,805,1.0
357,805,1.0
337,806,1.0
338,806,1.0
348,806,1.0
308,807,1.0
309,807,1.0
339,807,1.0
340,807,1.0
328,808,1.0
340,808,1.0
349,808,1.0
329,809,1.0
330,809,1.0
342,809,1.0
353,809,1.0
332,810,1.0
343,810,1.0
344,810,1.0
356,810,1.0
803,810,1.0
324,811,1.0
325,811,1.0
336,811,1.0
346,811,1.0
359,811,1.0
800,811,1.0
360,812,1.0
341,813,1.0
350,813,1.0
384,813,1.0
424,813,1.0
460,813,1.0
333,814,1.0
357,814,1.0
366,814,1.0
389,814,1.0
390,814,1.0
805,814,1.0
350,815,1.0
362,815,1.0
370,815,1.0
441,815,1.0
460,815,1.0
813,815,1.0
352,816,1.0
363,816,1.0
364,816,1.0
371,816,1.0
372,816,1.0
355,817,1.0
365,817,1.0
373,817,1.0
347,818,1.0
360,818,1.0
368,818,1.0
369,818,1.0
381,818,1.0
360,819,1.0
361,819,1.0
370,819,1.0
383,819,1.0
371,820,1.0
384,820,1.0
816,820,1.0
354,821,1.0
364,821,1.0
372,821,1.0
386,821,1.0
344,822,1.0
356,822,1.0
374,822,1.0
388,822,1.0
389,822,1.0
366,823,1.0
390,823,1.0
391,823,1.0
377,824,1.0
378,824,1.0
396,824,1.0
419,824,1.0
360,825,1.0
381,825,1.0
382,825,1.0
818,825,1.0
370,826,1.0
383,826,1.0
819,826,1.0
371,827,1.0
372,827,1.0
385,827,1.0
386,827,1.0
387,828,1.0
388,828,1.0
402,828,1.0
388,829,1.0
389,829,1.0
403,829,1.0
404,829,1.0
822,829,1.0
381,830,1.0
382,830,1.0
397,830,1.0
825,830,1.0
370,831,1.0
383,831,1.0
398,831,1.0
441,831,1.0
826,831,1.0
399,832,1.0
400,832,1.0
413,832,1.0
414,832,1.0
388,833,1.0
402,833,1.0
403,833,1.0
416,833,1.0
417,833,1.0
828,833,1.0
398,834,1.0
412,834,1.0
423,834,1.0
413,835,1.0
424,835,1.0
432,835,1.0
408,836,1.0
419,836,1.0
420,836,1.0
437,836,1.0
470,836,1.0
411,837,1.0
412,837,1.0
423,837,1.0
430,837,1.0
431,837,1.0
441,837,1.0
404,838,1.0
417,838,1.0
426,838,1.0
434,838,1.0
444,838,1.0
404,839,1.0
418,839,1.0
427,839,1.0
435,839,1.0
414,840,1.0
415,840,1.0
432,840,1.0
431,841,1.0
439,841,1.0
440,841,1.0
452,841,1.0
425,842,1.0
433,842,1.0
443,842,1.0
456,842,1.0
404,843,1.0
435,843,1.0
443,843,1.0
444,843,1.0
445,843,1.0
456,843,1.0
465,843,1.0
475,843,1.0
476,843,1.0
838,843,1.0
419,844,1.0
436,844,1.0
447,844,1.0
448,844,1.0
439,845,1.0
450,845,1.0
451,845,1.0
432,846,1.0
442,846,1.0
455,846,1.0
463,846,1.0
452,847,1.0
453,847,1.0
458,847,1.0
459,847,1.0
471,847,1.0
472,847,1.0
454,848,1.0
461,848,1.0
462,848,1.0
386,849,1.0
415,849,1.0
432,849,1.0
463,849,1.0
485,849,1.0
840,849,1.0
846,849,1.0
456,850,1.0
464,850,1.0
465,850,1.0
474,850,1.0
474,851,1.0
486,851,1.0
521,851,1.0
474,852,1.0
475,852,1.0
486,852,1.0
487,852,1.0
468,853,1.0
469,853,1.0
477,853,1.0
461,854,1.0
462,854,1.0
473,854,1.0
484,854,1.0
485,854,1.0
484,855,1.0
485,855,1.0
495,855,1.0
854,855,1.0
488,856,1.0
489,856,1.0
504,856,1.0
437,857,1.0
438,857,1.0
490,857,1.0
491,857,1.0
512,857,1.0
513,857,1.0
478,858,1.0
492,858,1.0
539,858,1.0
483,859,1.0
484,859,1.0
494,859,1.0
495,859,1.0
520,859,1.0
496,860,1.0
497,860,1.0
502,860,1.0
521,860,1.0
476,861,1.0
487,861,1.0
497,861,1.0
503,861,1.0
499,862,1.0
459,863,1.0
472,863,1.0
482,863,1.0
494,863,1.0
501,863,1.0
502,864,1.0
503,864,1.0
521,864,1.0
522,864,1.0
491,865,1.0
512,865,1.0
513,865,1.0
538,865,1.0
539,865,1.0
551,865,1.0
514,866,1.0
515,866,1.0
472,867,1.0
481,867,1.0
500,867,1.0
501,867,1.0
517,867,1.0
518,867,1.0
863,867,1.0
485,868,1.0
520,868,1.0
544,868,1.0
521,869,1.0
522,869,1.0
524,869,1.0
503,870,1.0
522,870,1.0
525,870,1.0
519,871,1.0
520,871,1.0
523,871,1.0
544,871,1.0
868,871,1.0
521,872,1.0
545,872,1.0
869,872,1.0
489,873,1.0
527,873,1.0
547,873,1.0
559,873,1.0
489,874,1.0
528,874,1.0
559,874,1.0
560,874,1.0
873,874,1.0
529,875,1.0
560,875,1.0
530,876,1.0
531,876,1.0
560,876,1.0
875,876,1.0
505,877,1.0
531,877,1.0
532,877,1.0
548,877,1.0
505,878,1.0
506,878,1.0
532,878,1.0
533,878,1.0
877,878,1.0
540,879,1.0
552,879,1.0
517,880,1.0
541,880,1.0
542,880,1.0
867,880,1.0
517,881,1.0
518,881,1.0
523,881,1.0
542,881,1.0
543,881,1.0
544,881,1.0
525,882,1.0
546,882,1.0
531,883,1.0
548,883,1.0
560,883,1.0
561,883,1.0
586,883,1.0
876,883,1.0
539,884,1.0
552,884,1.0
566,884,1.0
580,884,1.0
602,884,1.0
553,885,1.0
541,886,1.0
542,886,1.0
554,886,1.0
555,886,1.0
521,887,1.0
545,887,1.0
556,887,1.0
557,887,1.0
568,887,1.0
590,887,1.0
872,887,1.0
546,888,1.0
557,888,1.0
557,889,1.0
568,889,1.0
569,889,1.0
577,889,1.0
569,890,1.0
889,890,1.0
567,891,1.0
575,891,1.0
576,891,1.0
583,891,1.0
589,891,1.0
584,892,1.0
585,892,1.0
590,892,1.0
591,892,1.0
580,893,1.0
581,893,1.0
587,893,1.0
595,893,1.0
596,893,1.0
575,894,1.0
583,894,1.0
588,894,1.0
589,894,1.0
597,894,1.0
571,895,1.0
586,895,1.0
592,895,1.0
593,895,1.0
601,895,1.0
590,896,1.0
598,896,1.0
558,897,1.0
570,897,1.0
571,897,1.0
600,897,1.0
601,897,1.0
580,898,1.0
602,898,1.0
603,898,1.0
610,898,1.0
611,898,1.0
580,899,1.0
595,899,1.0
604,899,1.0
605,899,1.0
613,899,1.0
898,899,1.0
598,900,1.0
607,900,1.0
608,900,1.0
608,901,1.0
615,901,1.0
651,901,1.0
900,901,1.0
602,902,1.0
609,902,1.0
610,902,1.0
650,902,1.0
610,903,1.0
611,903,1.0
650,903,1.0
902,903,1.0
611,904,1.0
642,904,1.0
650,904,1.0
903,904,1.0
603,905,1.0
611,905,1.0
612,905,1.0
642,905,1.0
904,905,1.0
605,906,1.0
613,906,1.0
614,906,1.0
899,906,1.0
591,907,1.0
599,907,1.0
615,907,1.0
616,907,1.0
616,908,1.0
617,908,1.0
652,908,1.0
653,908,1.0
907,908,1.0
585,909,1.0
617,909,1.0
618,909,1.0
570,910,1.0
619,910,1.0
620,910,1.0
653,910,1.0
909,910,1.0
600,911,1.0
622,911,1.0
623,911,1.0
655,911,1.0
600,912,1.0
623,912,1.0
624,912,1.0
897,912,1.0
625,913,1.0
627,914,1.0
628,914,1.0
646,914,1.0
660,914,1.0
629,915,1.0
630,915,1.0
631,915,1.0
662,915,1.0
663,915,1.0
579,916,1.0
631,916,1.0
632,916,1.0
633,916,1.0
663,916,1.0
635,917,1.0
636,917,1.0
637,917,1.0
647,917,1.0
665,917,1.0
666,917,1.0
594,918,1.0
639,918,1.0
640,918,1.0
670,918,1.0
643,919,1.0
607,920,1.0
645,920,1.0
651,920,1.0
671,920,1.0
900,920,1.0
901,920,1.0
648,921,1.0
649,921,1.0
650,921,1.0
670,921,1.0
651,922,1.0
652,922,1.0
653,922,1.0
671,922,1.0
908,922,1.0
653,923,1.0
654,923,1.0
655,924,1.0
656,924,1.0
911,924,1.0
656,925,1.0
657,925,1.0
671,925,1.0
924,925,1.0
623,926,1.0
657,926,1.0
658,926,1.0
925,926,1.0
658,927,1.0
659,927,1.0
925,927,1.0
926,927,1.0
659,928,1.0
660,928,1.0
661,928,1.0
671,928,1.0
914,928,1.0
925,928,1.0
927,928,1.0
629,929,1.0
646,929,1.0
660,929,1.0
661,929,1.0
662,929,1.0
647,930,1.0
663,930,1.0
664,930,1.0
665,930,1.0
667,930,1.0
670,930,1.0
671,930,1.0
7,931,1.0
8,931,1.0
674,931,1.0
682,931,1.0
8,932,1.0
9,932,1.0
34,932,1.0
35,932,1.0
36,932,1.0
675,932,1.0
676,932,1.0
1,933,1.0
16,933,1.0
17,933,1.0
18,933,1.0
19,933,1.0
677,933,1.0
2,934,1.0
21,934,1.0
49,934,1.0
679,934,1.0
692,934,1.0
4,935,1.0
27,935,1.0
30,935,1.0
680,935,1.0
36,936,1.0
37,936,1.0
38,936,1.0
64,936,1.0
683,936,1.0
702,936,1.0
38,937,1.0
39,937,1.0
64,937,1.0
684,937,1.0
936,937,1.0
14,938,1.0
41,938,1.0
42,938,1.0
686,938,1.0
14,939,1.0
15,939,1.0
43,939,1.0
686,939,1.0
687,939,1.0
938,939,1.0
49,940,1.0
50,940,1.0
71,940,1.0
80,940,1.0
690,940,1.0
691,940,1.0
692,940,1.0
54,941,1.0
55,941,1.0
66,941,1.0
86,941,1.0
96,941,1.0
693,941,1.0
694,941,1.0
62,942,1.0
68,942,1.0
698,942,1.0
97,943,1.0
122,943,1.0
123,943,1.0
130,943,1.0
143,943,1.0
706,943,1.0
81,944,1.0
86,944,1.0
97,944,1.0
121,944,1.0
122,944,1.0
715,944,1.0
125,945,1.0
132,945,1.0
133,945,1.0
145,945,1.0
718,945,1.0
126,946,1.0
133,946,1.0
145,946,1.0
151,946,1.0
716,946,1.0
719,946,1.0
720,946,1.0
724,946,1.0
127,947,1.0
134,947,1.0
177,947,1.0
720,947,1.0
137,948,1.0
138,948,1.0
155,948,1.0
171,948,1.0
721,948,1.0
737,948,1.0
132,949,1.0
145,949,1.0
723,949,1.0
945,949,1.0
144,950,1.0
154,951,1.0
165,951,1.0
733,951,1.0
202,952,1.0
212,952,1.0
743,952,1.0
205,953,1.0
215,953,1.0
745,953,1.0
202,954,1.0
203,954,1.0
212,954,1.0
213,954,1.0
225,954,1.0
749,954,1.0
190,955,1.0
204,955,1.0
214,955,1.0
750,955,1.0
181,956,1.0
192,956,1.0
216,956,1.0
217,956,1.0
238,956,1.0
751,956,1.0
757,956,1.0
195,957,1.0
207,957,1.0
218,957,1.0
219,957,1.0
231,957,1.0
752,957,1.0
209,958,1.0
210,958,1.0
222,958,1.0
753,958,1.0
216,959,1.0
226,959,1.0
259,959,1.0
756,959,1.0
771,959,1.0
206,960,1.0
227,960,1.0
228,960,1.0
751,960,1.0
757,960,1.0
234,961,1.0
242,961,1.0
243,961,1.0
244,961,1.0
761,961,1.0
764,961,1.0
235,962,1.0
246,962,1.0
247,962,1.0
279,962,1.0
765,962,1.0
766,962,1.0
248,963,1.0
249,963,1.0
767,963,1.0
241,964,1.0
251,964,1.0
252,964,1.0
768,964,1.0
777,964,1.0
224,965,1.0
236,965,1.0
257,965,1.0
270,965,1.0
281,965,1.0
285,965,1.0
743,965,1.0
767,965,1.0
774,965,1.0
271,966,1.0
272,966,1.0
286,966,1.0
312,966,1.0
313,966,1.0
333,966,1.0
771,966,1.0
776,966,1.0
278,967,1.0
279,967,1.0
308,967,1.0
779,967,1.0
794,967,1.0
260,968,1.0
261,968,1.0
266,968,1.0
274,968,1.0
282,968,1.0
772,968,1.0
780,968,1.0
783,968,1.0
281,969,1.0
286,969,1.0
775,969,1.0
782,969,1.0
282,970,1.0
287,970,1.0
783,970,1.0
276,971,1.0
300,971,1.0
301,971,1.0
321,971,1.0
790,971,1.0
791,971,1.0
289,972,1.0
310,972,1.0
328,972,1.0
795,972,1.0
287,973,1.0
294,973,1.0
314,973,1.0
315,973,1.0
797,973,1.0
294,974,1.0
316,974,1.0
317,974,1.0
798,974,1.0
311,975,1.0
331,975,1.0
803,975,1.0
338,976,1.0
339,976,1.0
348,976,1.0
806,976,1.0
336,977,1.0
346,977,1.0
347,977,1.0
811,977,1.0
347,978,1.0
360,978,1.0
812,978,1.0
818,978,1.0
334,979,1.0
357,979,1.0
366,979,1.0
814,979,1.0
341,980,1.0
351,980,1.0
363,980,1.0
384,980,1.0
816,980,1.0
820,980,1.0
356,981,1.0
365,981,1.0
373,981,1.0
374,981,1.0
822,981,1.0
366,982,1.0
375,982,1.0
391,982,1.0
823,982,1.0
385,983,1.0
386,983,1.0
401,983,1.0
827,983,1.0
285,984,1.0
331,984,1.0
355,984,1.0
373,984,1.0
387,984,1.0
402,984,1.0
416,984,1.0
425,984,1.0
817,984,1.0
828,984,1.0
381,985,1.0
397,985,1.0
411,985,1.0
412,985,1.0
830,985,1.0
384,986,1.0
399,986,1.0
832,986,1.0
397,987,1.0
398,987,1.0
412,987,1.0
834,987,1.0
985,987,1.0
413,988,1.0
414,988,1.0
432,988,1.0
835,988,1.0
840,988,1.0
416,989,1.0
417,989,1.0
425,989,1.0
426,989,1.0
433,989,1.0
434,989,1.0
838,989,1.0
440,990,1.0
452,990,1.0
841,990,1.0
439,991,1.0
451,991,1.0
452,991,1.0
457,991,1.0
841,991,1.0
845,991,1.0
452,992,1.0
458,992,1.0
847,992,1.0
425,993,1.0
456,993,1.0
464,993,1.0
521,993,1.0
842,993,1.0
851,993,1.0
465,994,1.0
474,994,1.0
475,994,1.0
850,994,1.0
852,994,1.0
468,995,1.0
477,995,1.0
489,995,1.0
853,995,1.0
473,996,1.0
483,996,1.0
484,996,1.0
854,996,1.0
449,997,1.0
457,997,1.0
478,997,1.0
491,997,1.0
492,997,1.0
858,997,1.0
485,998,1.0
495,998,1.0
520,998,1.0
855,998,1.0
859,998,1.0
868,998,1.0
486,999,1.0
496,999,1.0
497,999,1.0
860,999,1.0
497,1000,1.0
502,1000,1.0
503,1000,1.0
861,1000,1.0
862,1001,1.0
866,1001,1.0
514,1002,1.0
515,1002,1.0
539,1002,1.0
858,1002,1.0
524,1003,1.0
545,1003,1.0
872,1003,1.0
489,1004,1.0
504,1004,1.0
527,1004,1.0
856,1004,1.0
873,1004,1.0
477,1005,1.0
528,1005,1.0
529,1005,1.0
530,1005,1.0
875,1005,1.0
876,1005,1.0
515,1006,1.0
516,1006,1.0
540,1006,1.0
879,1006,1.0
525,1007,1.0
526,1007,1.0
546,1007,1.0
570,1007,1.0
882,1007,1.0
888,1007,1.0
515,1008,1.0
539,1008,1.0
552,1008,1.0
879,1008,1.0
884,1008,1.0
1002,1008,1.0
1006,1008,1.0
500,1009,1.0
516,1009,1.0
541,1009,1.0
553,1009,1.0
554,1009,1.0
574,1009,1.0
867,1009,1.0
880,1009,1.0
885,1009,1.0
554,1010,1.0
555,1010,1.0
567,1010,1.0
886,1010,1.0
569,1011,1.0
570,1011,1.0
578,1011,1.0
585,1011,1.0
888,1011,1.0
890,1011,1.0
909,1011,1.0
910,1011,1.0
1007,1011,1.0
521,1012,1.0
590,1012,1.0
598,1012,1.0
607,1012,1.0
645,1012,1.0
896,1012,1.0
900,1012,1.0
603,1013,1.0
604,1013,1.0
612,1013,1.0
898,1013,1.0
899,1013,1.0
599,1014,1.0
608,1014,1.0
615,1014,1.0
901,1014,1.0
907,1014,1.0
605,1015,1.0
606,1015,1.0
614,1015,1.0
906,1015,1.0
615,1016,1.0
616,1016,1.0
652,1016,1.0
908,1016,1.0
585,1017,1.0
591,1017,1.0
617,1017,1.0
907,1017,1.0
908,1017,1.0
909,1017,1.0
617,1018,1.0
618,1018,1.0
653,1018,1.0
908,1018,1.0
909,1018,1.0
910,1018,1.0
624,1019,1.0
625,1019,1.0
897,1019,1.0
912,1019,1.0
913,1019,1.0
593,1020,1.0
629,1020,1.0
630,1020,1.0
631,1020,1.0
915,1020,1.0
604,1021,1.0
612,1021,1.0
613,1021,1.0
643,1021,1.0
644,1021,1.0
919,1021,1.0
609,1022,1.0
641,1022,1.0
648,1022,1.0
649,1022,1.0
650,1022,1.0
921,1022,1.0
653,1023,1.0
654,1023,1.0
655,1023,1.0
671,1023,1.0
923,1023,1.0
924,1023,1.0
925,1023,1.0
623,1024,1.0
656,1024,1.0
657,1024,1.0
911,1024,1.0
924,1024,1.0
925,1024,1.0
624,1025,1.0
625,1025,1.0
626,1025,1.0
627,1025,1.0
658,1025,1.0
659,1025,1.0
914,1025,1.0
928,1025,1.0
8,1026,1.0
9,1026,1.0
10,1026,1.0
675,1026,1.0
676,1026,1.0
58,1027,1.0
62,1027,1.0
63,1027,1.0
69,1027,1.0
700,1027,1.0
82,1028,1.0
98,1028,1.0
132,1028,1.0
144,1028,1.0
707,1028,1.0
718,1028,1.0
723,1028,1.0
743,1028,1.0
949,1028,1.0
162,1029,1.0
731,1029,1.0
188,1030,1.0
202,1030,1.0
738,1030,1.0
743,1030,1.0
952,1030,1.0
190,1031,1.0
191,1031,1.0
204,1031,1.0
215,1031,1.0
745,1031,1.0
953,1031,1.0
230,1032,1.0
231,1032,1.0
752,1032,1.0
957,1032,1.0
210,1033,1.0
222,1033,1.0
235,1033,1.0
748,1033,1.0
753,1033,1.0
754,1033,1.0
958,1033,1.0
236,1034,1.0
249,1034,1.0
762,1034,1.0
767,1034,1.0
963,1034,1.0
257,1035,1.0
270,1035,1.0
271,1035,1.0
281,1035,1.0
770,1035,1.0
775,1035,1.0
965,1035,1.0
279,1036,1.0
283,1036,1.0
766,1036,1.0
794,1036,1.0
967,1036,1.0
286,1037,1.0
312,1037,1.0
782,1037,1.0
339,1038,1.0
340,1038,1.0
348,1038,1.0
349,1038,1.0
360,1038,1.0
361,1038,1.0
807,1038,1.0
808,1038,1.0
976,1038,1.0
337,1039,1.0
348,1039,1.0
360,1039,1.0
806,1039,1.0
812,1039,1.0
373,1040,1.0
374,1040,1.0
387,1040,1.0
388,1040,1.0
828,1040,1.0
384,1041,1.0
413,1041,1.0
424,1041,1.0
813,1041,1.0
832,1041,1.0
986,1041,1.0
412,1042,1.0
834,1042,1.0
987,1042,1.0
452,1043,1.0
457,1043,1.0
458,1043,1.0
471,1043,1.0
991,1043,1.0
992,1043,1.0
464,1044,1.0
474,1044,1.0
850,1044,1.0
851,1044,1.0
993,1044,1.0
478,1045,1.0
499,1045,1.0
514,1045,1.0
858,1045,1.0
862,1045,1.0
866,1045,1.0
1001,1045,1.0
1002,1045,1.0
524,1046,1.0
869,1046,1.0
872,1046,1.0
1003,1046,1.0
504,1047,1.0
526,1047,1.0
527,1047,1.0
547,1047,1.0
558,1047,1.0
1004,1047,1.0
524,1048,1.0
525,1048,1.0
545,1048,1.0
546,1048,1.0
556,1048,1.0
557,1048,1.0
882,1048,1.0
1003,1048,1.0
553,1049,1.0
554,1049,1.0
575,1049,1.0
576,1049,1.0
885,1049,1.0
1009,1049,1.0
557,1050,1.0
888,1050,1.0
889,1050,1.0
890,1050,1.0
1011,1050,1.0
601,1051,1.0
625,1051,1.0
626,1051,1.0
897,1051,1.0
913,1051,1.0
1019,1051,1.0
642,1052,1.0
643,1052,1.0
644,1052,1.0
650,1052,1.0
919,1052,1.0
1021,1052,1.0
62,1053,1.0
68,1053,1.0
700,1053,1.0
942,1053,1.0
1027,1053,1.0
144,1054,1.0
723,1054,1.0
728,1054,1.0
731,1054,1.0
950,1054,1.0
1029,1054,1.0
218,1055,1.0
230,1055,1.0
240,1055,1.0
739,1055,1.0
752,1055,1.0
758,1055,1.0
1032,1055,1.0
286,1056,1.0
782,1056,1.0
969,1056,1.0
1037,1056,1.0
336,1057,1.0
337,1057,1.0
347,1057,1.0
812,1057,1.0
978,1057,1.0
1039,1057,1.0
493,1058,1.0
499,1058,1.0
500,1058,1.0
515,1058,1.0
862,1058,1.0
866,1058,1.0
1001,1058,1.0
144,1059,1.0
162,1059,1.0
743,1059,1.0
950,1059,1.0
1028,1059,1.0
1029,1059,1.0
1054,1059,1.0
